512.5 20
512.5 20.5
582 20.5
512 21
551.5 21
632 21
537 21.5
562.5 21.5
582 21.5
632 21.5
511.5 22
537 22
554 22
569.5 22
582 22
602 22
515 22.5
516 22.5
517 22.5
537 22.5
537.5 22.5
541.5 22.5
542.5 22.5
543 22.5
545 22.5
547 22.5
548.5 22.5
554 22.5
554.5 22.5
561.5 22.5
562 22.5
564.5 22.5
565.5 22.5
566 22.5
567.5 22.5
570.5 22.5
571.5 22.5
572 22.5
573.5 22.5
576 22.5
579.5 22.5
586.5 22.5
587.5 22.5
588 22.5
593 22.5
597 22.5
598 22.5
601 22.5
604.5 22.5
605.5 22.5
606.5 22.5
628.5 22.5
632 22.5
632.5 22.5
511.5 23
512 23
513 23
514 23
516 23
518 23
523 23
524 23
525 23
527 23
536.5 23
537 23
538 23
538.5 23
539 23
539.5 23
540 23
540.5 23
541 23
541.5 23
542.5 23
543 23
543.5 23
544 23
544.5 23
545 23
545.5 23
546 23
546.5 23
547 23
547.5 23
548 23
548.5 23
549 23
549.5 23
550 23
550.5 23
551 23
551.5 23
552 23
552.5 23
553 23
553.5 23
554 23
555 23
555.5 23
556 23
556.5 23
557 23
557.5 23
561.5 23
562 23
562.5 23
563 23
565 23
565.5 23
566 23
566.5 23
567 23
567.5 23
568 23
568.5 23
569 23
569.5 23
570 23
570.5 23
571 23
572 23
573 23
574 23
574.5 23
575 23
575.5 23
576 23
576.5 23
577 23
577.5 23
578 23
578.5 23
579 23
580 23
581 23
582 23
582.5 23
587 23
588 23
588.5 23
589 23
589.5 23
590 23
590.5 23
591 23
591.5 23
592 23
593 23
593.5 23
594 23
594.5 23
595 23
595.5 23
596 23
596.5 23
597 23
597.5 23
598.5 23
599 23
599.5 23
600 23
600.5 23
601 23
601.5 23
602.5 23
603 23
603.5 23
604 23
604.5 23
605 23
605.5 23
606 23
607 23
607.5 23
632.5 23
511.5 23.5
518.5 23.5
519.5 23.5
520.5 23.5
528 23.5
536 23.5
536.5 23.5
537 23.5
537.5 23.5
538 23.5
538.5 23.5
539 23.5
539.5 23.5
540 23.5
540.5 23.5
541 23.5
541.5 23.5
542 23.5
542.5 23.5
543 23.5
543.5 23.5
544 23.5
544.5 23.5
545 23.5
545.5 23.5
546 23.5
546.5 23.5
547 23.5
547.5 23.5
548 23.5
548.5 23.5
549 23.5
549.5 23.5
550 23.5
550.5 23.5
551 23.5
551.5 23.5
552 23.5
552.5 23.5
553 23.5
553.5 23.5
554 23.5
554.5 23.5
555 23.5
555.5 23.5
556 23.5
556.5 23.5
557 23.5
557.5 23.5
561 23.5
561.5 23.5
562 23.5
562.5 23.5
563.5 23.5
564 23.5
565 23.5
565.5 23.5
566.5 23.5
567 23.5
567.5 23.5
568 23.5
568.5 23.5
569.5 23.5
570 23.5
570.5 23.5
571.5 23.5
572 23.5
572.5 23.5
573 23.5
573.5 23.5
574 23.5
574.5 23.5
575 23.5
575.5 23.5
576 23.5
576.5 23.5
577 23.5
577.5 23.5
578 23.5
578.5 23.5
579 23.5
579.5 23.5
580 23.5
580.5 23.5
581 23.5
581.5 23.5
582 23.5
582.5 23.5
586.5 23.5
587 23.5
587.5 23.5
588 23.5
588.5 23.5
589 23.5
589.5 23.5
590 23.5
590.5 23.5
591 23.5
591.5 23.5
592 23.5
592.5 23.5
593 23.5
593.5 23.5
594 23.5
594.5 23.5
595 23.5
595.5 23.5
596 23.5
596.5 23.5
597 23.5
597.5 23.5
598 23.5
598.5 23.5
599 23.5
599.5 23.5
600 23.5
600.5 23.5
601 23.5
601.5 23.5
602 23.5
602.5 23.5
603 23.5
603.5 23.5
604 23.5
605 23.5
605.5 23.5
606 23.5
607 23.5
607.5 23.5
608 23.5
626 23.5
630 23.5
632.5 23.5
511 24
511.5 24
512.5 24
514 24
536 24
536.5 24
538.5 24
544.5 24
550.5 24
552.5 24
556 24
557 24
557.5 24
558 24
561 24
561.5 24
564 24
565.5 24
567.5 24
569 24
569.5 24
570 24
572.5 24
574.5 24
575 24
577 24
578.5 24
580 24
582 24
582.5 24
583 24
585.5 24
586 24
586.5 24
588 24
588.5 24
595 24
598.5 24
600 24
600.5 24
601 24
603 24
606 24
607 24
607.5 24
608 24
627.5 24
632 24
632.5 24
633 24
511 24.5
511.5 24.5
535.5 24.5
536 24.5
536.5 24.5
548.5 24.5
553.5 24.5
557.5 24.5
558 24.5
561 24.5
561.5 24.5
575.5 24.5
582.5 24.5
583 24.5
586.5 24.5
604 24.5
607 24.5
607.5 24.5
608 24.5
632.5 24.5
511 25
511.5 25
512 25
536 25
536.5 25
537 25
557 25
557.5 25
558 25
561 25
561.5 25
582.5 25
583 25
586 25
586.5 25
607.5 25
608 25
632.5 25
633 25
511 25.5
511.5 25.5
536 25.5
536.5 25.5
557.5 25.5
558 25.5
561 25.5
561.5 25.5
562 25.5
563 25.5
582.5 25.5
583 25.5
585.5 25.5
586 25.5
586.5 25.5
607.5 25.5
608 25.5
632.5 25.5
633 25.5
511 26
511.5 26
536 26
536.5 26
557.5 26
558 26
561 26
561.5 26
582.5 26
583 26
586.5 26
607.5 26
608 26
632.5 26
633 26
511 26.5
511.5 26.5
536 26.5
536.5 26.5
557.5 26.5
558 26.5
561 26.5
561.5 26.5
582.5 26.5
583 26.5
586 26.5
586.5 26.5
607.5 26.5
608 26.5
632.5 26.5
633 26.5
633.5 26.5
510.5 27
511 27
511.5 27
536 27
536.5 27
557.5 27
558 27
558.5 27
561 27
561.5 27
582.5 27
583 27
586 27
586.5 27
607.5 27
608 27
632.5 27
633 27
511 27.5
511.5 27.5
534.5 27.5
536 27.5
536.5 27.5
557.5 27.5
558 27.5
559 27.5
561 27.5
561.5 27.5
582.5 27.5
583 27.5
584.5 27.5
586 27.5
586.5 27.5
607.5 27.5
608 27.5
608.5 27.5
633 27.5
507.5 28
511 28
511.5 28
533 28
533.5 28
534 28
535 28
535.5 28
536 28
536.5 28
557.5 28
558 28
558.5 28
559 28
559.5 28
560 28
560.5 28
561 28
561.5 28
582.5 28
583 28
583.5 28
584 28
585 28
585.5 28
586 28
586.5 28
607.5 28
608 28
608.5 28
610.5 28
611 28
633 28
511 28.5
532.5 28.5
533 28.5
534 28.5
534.5 28.5
535 28.5
535.5 28.5
536 28.5
536.5 28.5
557.5 28.5
558 28.5
558.5 28.5
559 28.5
559.5 28.5
560 28.5
561 28.5
561.5 28.5
582.5 28.5
583 28.5
584 28.5
584.5 28.5
585 28.5
585.5 28.5
586 28.5
586.5 28.5
608 28.5
608.5 28.5
609.5 28.5
633 28.5
637 28.5
646.5 28.5
511 29
536 29
558 29
561 29
583 29
608 29
610 29
610.5 29
633 29
649 29
511 29.5
536 29.5
558 29.5
561 29.5
583 29.5
608 29.5
633 29.5
511 30
536 30
561 30
583 30
608 30
536 30.5
583 30.5
511 31
536 31
561 31
583 31
608 31
536 31.5
633 31.5
583 33
608 33.5
496 35
499 35
518 36
498.5 36.5
516.5 36.5
553 36.5
549.5 37
555.5 37.5
558 37.5
582.5 37.5
604 37.5
510.5 38
530.5 38
613.5 38
614 38
509 38.5
517 38.5
531.5 38.5
533 38.5
540 38.5
542.5 38.5
550 38.5
554.5 38.5
561.5 38.5
587.5 38.5
591.5 38.5
597 38.5
598 38.5
600.5 38.5
601 38.5
612.5 38.5
630 38.5
499 39
501 39
518.5 39
520.5 39
521.5 39
522.5 39
523.5 39
524 39
526.5 39
527 39
528.5 39
530.5 39
532.5 39
533.5 39
534.5 39
535.5 39
536.5 39
537 39
539 39
539.5 39
540 39
541.5 39
543 39
543.5 39
545 39
545.5 39
547 39
547.5 39
548.5 39
549 39
549.5 39
550.5 39
551 39
552.5 39
553 39
554 39
555 39
556.5 39
558 39
558.5 39
559.5 39
560.5 39
561 39
562 39
563 39
564 39
564.5 39
565 39
565.5 39
566.5 39
567 39
568 39
568.5 39
569 39
569.5 39
570 39
570.5 39
571.5 39
572 39
573.5 39
574.5 39
575.5 39
576 39
576.5 39
577.5 39
578 39
578.5 39
580 39
580.5 39
581 39
582 39
582.5 39
585 39
585.5 39
586.5 39
588 39
589 39
591 39
592 39
593 39
593.5 39
594 39
595 39
596 39
597 39
597.5 39
599.5 39
600.5 39
602 39
603 39
605 39
605.5 39
606 39
606.5 39
607 39
610.5 39
612.5 39
613 39
614.5 39
615.5 39
616.5 39
618 39
626 39
627 39
628 39
630 39
503 39.5
504 39.5
504.5 39.5
505 39.5
506 39.5
506.5 39.5
509 39.5
515 39.5
519.5 39.5
520.5 39.5
521.5 39.5
522.5 39.5
523.5 39.5
524 39.5
524.5 39.5
525.5 39.5
526.5 39.5
527.5 39.5
528.5 39.5
529 39.5
529.5 39.5
530 39.5
530.5 39.5
531 39.5
531.5 39.5
532.5 39.5
533 39.5
533.5 39.5
534.5 39.5
535 39.5
535.5 39.5
536 39.5
536.5 39.5
537 39.5
537.5 39.5
538 39.5
538.5 39.5
539 39.5
539.5 39.5
540 39.5
540.5 39.5
541 39.5
541.5 39.5
542 39.5
542.5 39.5
543 39.5
543.5 39.5
544 39.5
544.5 39.5
545 39.5
545.5 39.5
546 39.5
546.5 39.5
547 39.5
547.5 39.5
548 39.5
548.5 39.5
549 39.5
549.5 39.5
550 39.5
550.5 39.5
551 39.5
551.5 39.5
552 39.5
552.5 39.5
553 39.5
553.5 39.5
554 39.5
554.5 39.5
555 39.5
555.5 39.5
556 39.5
556.5 39.5
557 39.5
557.5 39.5
558 39.5
558.5 39.5
559 39.5
559.5 39.5
560 39.5
560.5 39.5
561 39.5
561.5 39.5
562 39.5
562.5 39.5
563 39.5
563.5 39.5
564 39.5
564.5 39.5
565 39.5
565.5 39.5
566 39.5
566.5 39.5
567 39.5
567.5 39.5
568 39.5
568.5 39.5
569 39.5
569.5 39.5
570 39.5
570.5 39.5
571 39.5
571.5 39.5
572 39.5
572.5 39.5
573 39.5
573.5 39.5
574 39.5
574.5 39.5
575 39.5
575.5 39.5
576 39.5
576.5 39.5
577 39.5
577.5 39.5
578 39.5
578.5 39.5
579 39.5
579.5 39.5
580 39.5
580.5 39.5
581 39.5
581.5 39.5
582 39.5
582.5 39.5
583 39.5
583.5 39.5
584 39.5
584.5 39.5
585 39.5
585.5 39.5
586 39.5
586.5 39.5
587 39.5
587.5 39.5
588 39.5
588.5 39.5
589 39.5
589.5 39.5
590 39.5
590.5 39.5
591 39.5
591.5 39.5
592.5 39.5
593 39.5
593.5 39.5
594 39.5
594.5 39.5
595 39.5
595.5 39.5
596 39.5
596.5 39.5
597 39.5
597.5 39.5
598 39.5
598.5 39.5
599 39.5
599.5 39.5
600 39.5
600.5 39.5
601 39.5
601.5 39.5
602 39.5
602.5 39.5
603 39.5
603.5 39.5
604 39.5
604.5 39.5
605 39.5
605.5 39.5
606 39.5
606.5 39.5
607 39.5
607.5 39.5
608 39.5
608.5 39.5
609.5 39.5
610.5 39.5
611 39.5
611.5 39.5
612.5 39.5
613.5 39.5
614.5 39.5
618.5 39.5
516.5 40
522 40
522.5 40
523 40
524 40
525 40
527 40
528 40
529 40
530 40
530.5 40
531 40
532 40
532.5 40
533 40
534 40
534.5 40
535 40
535.5 40
536 40
536.5 40
537 40
537.5 40
538 40
538.5 40
539 40
539.5 40
540 40
540.5 40
541 40
541.5 40
542 40
542.5 40
543 40
543.5 40
544 40
544.5 40
545 40
545.5 40
546 40
546.5 40
547 40
547.5 40
548.5 40
549 40
549.5 40
550 40
550.5 40
551 40
551.5 40
552 40
552.5 40
553 40
553.5 40
554 40
554.5 40
555 40
555.5 40
556 40
556.5 40
557 40
557.5 40
558 40
558.5 40
559 40
559.5 40
560 40
560.5 40
561 40
561.5 40
562.5 40
563 40
563.5 40
564.5 40
565 40
565.5 40
566 40
566.5 40
567 40
567.5 40
568 40
568.5 40
569 40
569.5 40
570 40
570.5 40
571 40
571.5 40
572 40
572.5 40
573 40
573.5 40
574 40
574.5 40
575 40
575.5 40
576 40
576.5 40
577 40
577.5 40
578 40
578.5 40
579 40
579.5 40
580 40
580.5 40
581 40
581.5 40
582 40
582.5 40
583 40
583.5 40
584 40
584.5 40
585.5 40
586.5 40
587 40
587.5 40
588 40
588.5 40
589 40
589.5 40
590 40
590.5 40
591 40
591.5 40
592.5 40
593 40
593.5 40
594 40
594.5 40
595 40
595.5 40
596 40
596.5 40
597 40
597.5 40
598 40
598.5 40
599 40
599.5 40
600 40
600.5 40
601 40
601.5 40
602 40
602.5 40
603 40
603.5 40
604 40
604.5 40
605 40
606 40
606.5 40
607 40
608 40
608.5 40
609 40
610 40
611 40
612 40
614 40
614.5 40
615 40
616 40
616.5 40
618 40
619 40
620.5 40
621.5 40
624 40
624.5 40
626 40
628.5 40
632 40
633.5 40
634 40
634.5 40
637.5 40
515.5 40.5
516 40.5
522.5 40.5
526 40.5
527 40.5
531.5 40.5
533.5 40.5
535.5 40.5
538.5 40.5
539 40.5
539.5 40.5
540 40.5
541.5 40.5
542.5 40.5
543 40.5
544 40.5
544.5 40.5
546 40.5
546.5 40.5
548 40.5
550.5 40.5
551.5 40.5
552.5 40.5
554 40.5
557 40.5
562 40.5
563 40.5
564 40.5
565 40.5
566 40.5
566.5 40.5
567 40.5
567.5 40.5
568 40.5
569 40.5
570.5 40.5
571 40.5
571.5 40.5
572 40.5
572.5 40.5
573 40.5
573.5 40.5
575 40.5
576.5 40.5
577 40.5
578 40.5
579.5 40.5
580 40.5
580.5 40.5
581.5 40.5
582 40.5
582.5 40.5
584 40.5
585 40.5
586 40.5
586.5 40.5
587 40.5
588.5 40.5
589.5 40.5
591 40.5
591.5 40.5
593 40.5
593.5 40.5
594.5 40.5
595 40.5
595.5 40.5
596 40.5
596.5 40.5
597 40.5
597.5 40.5
598 40.5
598.5 40.5
599.5 40.5
600 40.5
601.5 40.5
602 40.5
602.5 40.5
604.5 40.5
606 40.5
607 40.5
607.5 40.5
608.5 40.5
609.5 40.5
610 40.5
614.5 40.5
615 40.5
617.5 40.5
618 40.5
620 40.5
622 40.5
623 40.5
624 40.5
625 40.5
626 40.5
627.5 40.5
628 40.5
513 41
517.5 41
520.5 41
532 41
540 41
551.5 41
565 41
567.5 41
576 41
578 41
582 41
583.5 41
593 41
604 41
604.5 41
605 41
607 41
615.5 41
616 41
623.5 41
625.5 41
535 41.5
553 41.5
561 41.5
563 41.5
583.5 41.5
499.5 42.5
500 42.5
502 42.5
543 42.5
547 42.5
548.5 42.5
549 42.5
567.5 42.5
639 42.5
613.5 43
633 43
