557.5 28
558.5 28
557.5 27
559.5 28
557.5 26
560.5 28
553.5 39.5
554 39.5
553 39.5
554.5 39.5
552.5 39.5
555 39.5
552 39.5
555.5 39.5
551.5 39.5
556 39.5
551 39.5
556.5 39.5
550.5 39.5
557 39.5
550 39.5
557.5 39.5
549.5 39.5
558 39.5
549 39.5
558.5 39.5
548.5 39.5
559 39.5
548 39.5
559.5 39.5
547.5 39.5
560 39.5
547 39.5
560.5 39.5
546.5 39.5
557.5 25
545.5 39.5
561.5 39.5
557.5 24
544.5 39.5
562.5 39.5
553.5 23
554 23
553 23
554.5 23
552.5 23
555 23
552 23
555.5 23
551.5 23
556 23
551 23
556.5 23
550.5 23
557 23
550 23
557.5 23
549.5 23
549 23
548.5 23
548 23
547.5 23
547 23
546.5 23
546 23
545.5 23
545 23
544.5 23
543.5 39.5
543.5 23
563.5 39.5
542.5 39.5
542.5 23
564.5 39.5
541.5 39.5
541.5 23
565.5 39.5
540.5 39.5
540.5 23
566.5 39.5
539.5 39.5
539.5 23
567.5 39.5
538.5 39.5
538.5 23
568.5 39.5
537.5 39.5
537.5 23
569.5 39.5
536.5 39.5
536.5 23
570.5 39.5
536 28
536 27.5
536 27
536 26.5
536 26
536 25.5
536 25
536 24.5
536 24
536 23.5
571 23
535.5 39.5
571.5 39.5
572 23
534.5 39.5
572.5 39.5
534 28
573 23
533 39.5
574 39.5
574 23
575 23
531.5 39.5
575.5 39.5
576 23
530 39.5
577 39.5
577 23
528.5 39.5
578.5 39.5
578.5 23
527 39.5
580 39.5
580 23
525.5 39.5
581.5 39.5
581.5 23
582.5 28
582.5 27.5
582.5 27
582.5 26.5
582.5 26
582.5 25.5
582.5 25
582.5 24.5
582.5 24
582.5 23.5
524 39.5
583 39.5
584.5 22.5
522 39.5
585 39.5
585.5 28
520 39.5
587 39.5
518 39.5
589 39.5
516 39.5
591 39.5
514 39.5
593 39.5
511.5 39.5
595.5 39.5
511 28
511 27.5
511 27
511 26.5
511 26
511 25.5
511 25
511 24.5
511 24
509 39.5
598 39.5
506.5 39.5
600.5 39.5
504 39.5
603 39.5
501 39.5
606 39.5
607.5 28
607.5 27.5
607.5 27
607.5 26.5
607.5 26
498 39.5
609 39.5
612 39.5
570.5 39.5
571 39.5
570 39.5
571.5 39.5
569.5 39.5
572 39.5
569 39.5
572.5 39.5
568.5 39.5
573 39.5
568 39.5
573.5 39.5
567.5 39.5
574 39.5
567 39.5
574.5 39.5
566.5 39.5
575 39.5
566 39.5
575.5 39.5
565.5 39.5
576 39.5
565 39.5
576.5 39.5
564.5 39.5
577 39.5
564 39.5
577.5 39.5
563.5 39.5
562.5 39.5
578.5 39.5
561.5 39.5
579.5 39.5
561 28
561 27.5
561 27
561 26.5
561 26
561 25.5
561 25
561 24.5
561 24
561 23.5
570.5 23
571 23
570 23
571.5 23
569.5 23
572 23
569 23
572.5 23
568.5 23
573 23
568 23
573.5 23
567.5 23
574 23
567 23
574.5 23
566.5 23
575 23
566 23
575.5 23
565.5 23
576 23
565 23
576.5 23
564.5 23
577 23
564 23
577.5 23
563.5 23
578 23
563 23
578.5 23
562.5 23
579 23
562 23
579.5 23
561.5 23
560.5 39.5
580.5 39.5
580.5 23
560 28
559.5 39.5
581.5 39.5
581.5 23
558.5 28
558.5 39.5
582.5 28
582.5 27.5
582.5 27
582.5 26.5
582.5 26
582.5 39.5
582.5 25.5
582.5 25
582.5 24.5
582.5 24
582.5 23.5
582.5 23
557.5 39.5
583.5 39.5
584 28
556.5 39.5
584.5 39.5
555.5 39.5
585.5 28
585.5 39.5
554.5 39.5
586.5 39.5
553.5 39.5
587.5 39.5
552.5 39.5
588.5 39.5
551.5 39.5
589.5 39.5
550 39.5
591 39.5
548.5 39.5
592.5 39.5
547 39.5
594 39.5
545.5 39.5
595.5 39.5
544 39.5
597 39.5
542.5 39.5
598.5 39.5
541.5 23
541 39.5
600 39.5
540 23
539 39.5
602 39.5
538.5 23
537 39.5
537 23
604 39.5
536 28
536 27.5
536 27
536 26.5
536 26
536 25.5
536 25
536 24.5
536 24
536 23.5
535.5 23
535 39.5
606 39.5
607 23
607.5 28
607.5 27.5
607.5 27
607.5 26.5
607.5 26
607.5 25.5
607.5 25
607.5 24.5
607.5 24
607.5 23.5
533 39.5
608 39.5
532.5 28
531 39.5
610 39.5
611 28
528.5 39.5
612.5 39.5
526 39.5
615 39.5
523.5 39.5
617.5 39.5
521 39.5
620 39.5
518 39.5
623 39.5
515 39.5
626 39.5
512 39.5
629 39.5
511 28
511 27.5
511 27
511 26.5
536 28
535 28
536 27
534 28
536 26
540.5 39.5
541 39.5
540 39.5
541.5 39.5
539.5 39.5
542 39.5
539 39.5
542.5 39.5
538.5 39.5
543 39.5
538 39.5
543.5 39.5
537.5 39.5
544 39.5
537 39.5
544.5 39.5
536.5 39.5
545 39.5
536 39.5
545.5 39.5
535.5 39.5
546 39.5
535 39.5
546.5 39.5
534.5 39.5
547 39.5
534 39.5
547.5 39.5
533.5 39.5
533 28
536 25
532.5 39.5
548.5 39.5
536 24
531.5 39.5
549.5 39.5
540.5 23
541 23
540 23
541.5 23
539.5 23
542 23
539 23
542.5 23
538.5 23
543 23
538 23
543.5 23
537.5 23
544 23
537 23
544.5 23
536.5 23
545 23
536 23
545.5 23
546 23
546.5 23
547 23
547.5 23
548 23
548.5 23
549 23
549.5 23
530.5 39.5
550.5 39.5
550.5 23
529.5 39.5
551.5 39.5
551.5 23
528.5 39.5
552.5 39.5
552.5 23
527.5 39.5
553.5 39.5
553.5 23
526.5 39.5
554.5 39.5
554.5 23
525.5 39.5
555.5 39.5
555.5 23
524.5 39.5
556.5 39.5
556.5 23
523.5 39.5
557.5 28
557.5 27.5
557.5 27
557.5 26.5
557.5 26
557.5 39.5
557.5 25.5
557.5 25
557.5 24.5
557.5 24
557.5 23.5
557.5 23
522.5 39.5
558.5 39.5
522 23
521.5 39.5
559.5 28
559.5 39.5
521 23
520 39.5
520 23
561 39.5
519 23
518.5 39.5
562.5 39.5
518 23
517 39.5
517 23
564 39.5
515.5 39.5
515.5 23
565.5 39.5
514 39.5
514 23
567 39.5
512.5 39.5
512.5 23
568.5 39.5
511 28
511 27.5
511 27
511 26.5
511 26
511 25.5
511 39.5
511 25
511 24.5
511 24
511 23.5
511 23
570 39.5
509 39.5
572 39.5
508 28
507 39.5
574 39.5
505 39.5
576 39.5
503 39.5
578 39.5
501 39.5
580 39.5
498.5 39.5
582.5 28
582.5 27.5
582.5 27
582.5 26.5
582.5 26
582.5 39.5
582.5 25.5
582.5 25
582.5 24.5
582.5 24
496 39.5
585 39.5
587.5 39.5
590 39.5
593 39.5
596 39.5
599 39.5
532.5 28
533 28
533.5 28
534 28
534.5 28
535.5 28
532.5 27
530.5 39.5
531 39.5
530 39.5
531.5 39.5
529.5 39.5
532 39.5
529 39.5
532.5 39.5
528.5 39.5
533 39.5
528 39.5
533.5 39.5
527.5 39.5
534 39.5
527 39.5
534.5 39.5
526.5 39.5
535 39.5
526 39.5
535.5 39.5
525.5 39.5
536 39.5
525 39.5
536.5 39.5
524.5 39.5
537 39.5
524 39.5
532.5 25.5
537.5 39.5
523.5 39.5
522.5 39.5
538.5 39.5
532.5 24
521.5 39.5
539.5 39.5
530.5 23
531 23
530 23
531.5 23
529.5 23
532 23
529 23
528.5 23
528 23
527.5 23
527 23
526.5 23
526 23
525.5 23
525 23
524.5 23
524 23
523.5 23
523 23
522.5 23
522 23
521.5 23
520.5 39.5
520.5 23
540.5 39.5
519.5 39.5
519.5 23
541.5 39.5
518.5 39.5
518.5 23
542.5 39.5
543 23
517.5 39.5
517.5 23
543.5 39.5
544 23
516.5 39.5
516.5 23
544.5 39.5
545 23
515.5 39.5
515.5 23
545.5 39.5
546 23
514.5 39.5
514.5 23
546.5 39.5
547 23
513.5 39.5
513.5 23
547.5 39.5
548 23
512.5 39.5
512.5 23
548.5 39.5
549 23
511.5 39.5
511.5 23
549.5 39.5
511 28
511 27.5
511 27
511 26.5
511 26
511 25.5
511 25
511 24.5
511 24
511 23.5
550 23
510 39.5
551 39.5
551 23
509 28
552 23
508.5 39.5
552.5 39.5
553 23
507 39.5
554 39.5
554 23
505.5 39.5
555.5 39.5
555.5 23
504 39.5
557 39.5
557 23
557.5 28
557.5 27.5
557.5 27
557.5 26.5
557.5 26
557.5 25.5
557.5 25
557.5 24.5
557.5 24
557.5 23.5
502.5 39.5
558.5 39.5
501 39.5
560 39.5
560.5 28
499 39.5
562 39.5
497 39.5
564 39.5
566 39.5
568 39.5
570 39.5
572.5 39.5
575 39.5
577.5 39.5
580 39.5
582.5 28
582.5 27.5
582.5 27
582.5 26.5
582.5 26
583 39.5
583 25.5
586 39.5
589 39.5
