504.6 25.1
529.5 25.1
492.9 25.3
529.4 25.3
579.5 25.3
579.6 25.3
554.7 25.4
504.5 25.5
548.9 25.5
550.9 25.5
494.9 25.6
529.4 25.6
553.1 25.6
571.2 25.6
529.6 25.7
554.8 25.7
554.3 25.8
554.5 25.8
568.8 25.8
574.8 25.8
579.6 25.9
504.4 26
504.6 26
524.4 26.1
579.5 26.1
497.1 26.2
518.3 26.2
522.3 26.2
529.5 26.2
504.4 26.3
504.6 26.3
518.6 26.3
526.3 26.3
528.2 26.3
551 26.3
566.3 26.3
579.3 26.3
490.5 26.4
529.4 26.4
544.3 26.4
550.3 26.4
573.1 26.4
576.3 26.4
490.7 26.5
492.2 26.5
500.2 26.5
502 26.5
524.4 26.5
541.1 26.5
542.1 26.5
552.3 26.5
552.9 26.5
572.2 26.5
573.8 26.5
574.4 26.5
577 26.5
578.3 26.5
578.5 26.5
493.8 26.6
498.3 26.6
502.3 26.6
504.6 26.6
506.6 26.6
515.8 26.6
520.4 26.6
521.6 26.6
525 26.6
528.4 26.6
540.4 26.6
546.3 26.6
546.8 26.6
554.5 26.6
570.3 26.6
574.9 26.6
576.4 26.6
579.7 26.6
490.9 26.7
492.8 26.7
493.3 26.7
494 26.7
494.8 26.7
496.3 26.7
496.5 26.7
497 26.7
498.1 26.7
498.8 26.7
498.9 26.7
500.5 26.7
500.9 26.7
504.5 26.7
514.3 26.7
515.9 26.7
520.3 26.7
521.1 26.7
522 26.7
522.9 26.7
527 26.7
528.5 26.7
529 26.7
541 26.7
542.4 26.7
542.8 26.7
544.8 26.7
545 26.7
545.8 26.7
547 26.7
548.2 26.7
548.9 26.7
550.8 26.7
551.8 26.7
552.5 26.7
552.8 26.7
554.1 26.7
554.3 26.7
554.6 26.7
565.7 26.7
566.8 26.7
568.4 26.7
569.2 26.7
571.9 26.7
572.5 26.7
573.3 26.7
574.5 26.7
574.9 26.7
575 26.7
576.2 26.7
576.7 26.7
578.5 26.7
490.1 26.8
490.3 26.8
490.4 26.8
491.1 26.8
491.5 26.8
491.9 26.8
492 26.8
493.2 26.8
494.1 26.8
494.3 26.8
494.7 26.8
497.4 26.8
498.1 26.8
498.9 26.8
499.3 26.8
499.4 26.8
499.7 26.8
500.2 26.8
500.7 26.8
501.6 26.8
501.9 26.8
502.7 26.8
502.8 26.8
503.4 26.8
504.2 26.8
504.7 26.8
513.9 26.8
517.3 26.8
517.7 26.8
518.6 26.8
518.8 26.8
519.6 26.8
520.6 26.8
521.1 26.8
521.4 26.8
521.6 26.8
522.8 26.8
523.1 26.8
523.7 26.8
523.9 26.8
524.3 26.8
524.5 26.8
524.6 26.8
524.9 26.8
525.1 26.8
525.8 26.8
526.1 26.8
526.5 26.8
526.7 26.8
526.8 26.8
527.3 26.8
527.9 26.8
528.1 26.8
529.7 26.8
539.3 26.8
540.3 26.8
540.6 26.8
540.7 26.8
541.4 26.8
542.8 26.8
543.4 26.8
543.6 26.8
543.7 26.8
544.5 26.8
545.1 26.8
546.2 26.8
546.5 26.8
547.5 26.8
547.7 26.8
548.3 26.8
548.8 26.8
550 26.8
550.2 26.8
552.1 26.8
552.5 26.8
552.6 26.8
554.4 26.8
554.5 26.8
564.2 26.8
565.2 26.8
565.9 26.8
566.5 26.8
567.8 26.8
568 26.8
568.4 26.8
568.8 26.8
569 26.8
569.4 26.8
569.9 26.8
570.5 26.8
572.2 26.8
572.4 26.8
572.8 26.8
572.9 26.8
574.1 26.8
574.7 26.8
575.5 26.8
575.7 26.8
575.9 26.8
576 26.8
576.3 26.8
576.6 26.8
577 26.8
577.1 26.8
577.4 26.8
577.8 26.8
578 26.8
579.3 26.8
579.6 26.8
488.8 26.9
488.9 26.9
489.4 26.9
489.7 26.9
490.1 26.9
490.7 26.9
490.9 26.9
491.6 26.9
491.7 26.9
491.8 26.9
492.3 26.9
492.4 26.9
492.8 26.9
493.2 26.9
493.9 26.9
494 26.9
494.2 26.9
494.4 26.9
494.6 26.9
494.9 26.9
495.5 26.9
495.6 26.9
495.7 26.9
496.2 26.9
496.9 26.9
497 26.9
497.2 26.9
497.4 26.9
497.5 26.9
497.6 26.9
497.7 26.9
497.8 26.9
498 26.9
498.1 26.9
498.2 26.9
498.4 26.9
498.5 26.9
498.6 26.9
498.7 26.9
498.9 26.9
499.6 26.9
499.7 26.9
499.9 26.9
500.4 26.9
500.5 26.9
500.8 26.9
501 26.9
501.2 26.9
501.3 26.9
501.5 26.9
502 26.9
502.3 26.9
502.4 26.9
502.7 26.9
503 26.9
503.3 26.9
503.7 26.9
504.3 26.9
514.1 26.9
514.5 26.9
515.5 26.9
515.7 26.9
515.9 26.9
516 26.9
516.2 26.9
516.9 26.9
517.2 26.9
518.4 26.9
518.8 26.9
519 26.9
519.2 26.9
519.4 26.9
519.8 26.9
520.3 26.9
520.4 26.9
520.6 26.9
521.8 26.9
522.1 26.9
522.2 26.9
522.3 26.9
522.4 26.9
522.5 26.9
522.6 26.9
523.3 26.9
523.4 26.9
523.7 26.9
524.4 26.9
525 26.9
525.3 26.9
525.7 26.9
525.9 26.9
526 26.9
526.4 26.9
526.7 26.9
526.8 26.9
527 26.9
527.1 26.9
527.2 26.9
527.3 26.9
527.6 26.9
528.1 26.9
528.5 26.9
528.7 26.9
528.9 26.9
529.1 26.9
529.5 26.9
539 26.9
540.7 26.9
541 26.9
541.4 26.9
541.7 26.9
541.9 26.9
542.1 26.9
542.5 26.9
542.8 26.9
542.9 26.9
543.1 26.9
543.2 26.9
543.4 26.9
543.8 26.9
544 26.9
544.5 26.9
545.4 26.9
545.5 26.9
545.8 26.9
545.9 26.9
546 26.9
546.8 26.9
547.2 26.9
547.3 26.9
547.4 26.9
547.5 26.9
547.7 26.9
547.8 26.9
547.9 26.9
548 26.9
548.6 26.9
548.9 26.9
549.1 26.9
549.4 26.9
549.7 26.9
549.8 26.9
549.9 26.9
550.3 26.9
550.7 26.9
551.1 26.9
551.2 26.9
551.7 26.9
552.1 26.9
552.3 26.9
552.7 26.9
553.1 26.9
553.6 26.9
554.1 26.9
554.2 26.9
564.3 26.9
565 26.9
565.2 26.9
565.6 26.9
566.6 26.9
566.8 26.9
567 26.9
567.1 26.9
567.3 26.9
567.6 26.9
567.8 26.9
568.4 26.9
568.8 26.9
569.5 26.9
569.7 26.9
569.9 26.9
570 26.9
570.1 26.9
570.4 26.9
570.5 26.9
570.7 26.9
570.8 26.9
571.3 26.9
571.4 26.9
571.6 26.9
572.1 26.9
572.7 26.9
573 26.9
573.1 26.9
573.3 26.9
573.4 26.9
573.7 26.9
574.2 26.9
574.4 26.9
574.6 26.9
574.9 26.9
575.5 26.9
575.6 26.9
575.7 26.9
575.8 26.9
575.9 26.9
576.5 26.9
576.6 26.9
576.7 26.9
576.8 26.9
576.9 26.9
577.3 26.9
577.7 26.9
578 26.9
578.3 26.9
578.4 26.9
578.8 26.9
578.9 26.9
579 26.9
579.1 26.9
579.3 26.9
488.9 27
489.7 27
489.8 27
490 27
491 27
491.2 27
491.6 27
491.7 27
492.1 27
492.8 27
493.2 27
493.6 27
493.7 27
493.8 27
494.3 27
494.4 27
495 27
495.1 27
495.5 27
495.7 27
495.8 27
495.9 27
496 27
496.1 27
496.6 27
496.7 27
497.1 27
497.2 27
497.5 27
497.7 27
497.8 27
498.1 27
498.3 27
498.6 27
498.7 27
498.9 27
499 27
499.1 27
499.2 27
499.5 27
499.9 27
500 27
500.3 27
500.4 27
500.6 27
500.8 27
501 27
501.2 27
501.5 27
501.6 27
501.9 27
502 27
502.1 27
502.5 27
502.6 27
502.8 27
502.9 27
503.1 27
503.4 27
503.6 27
503.7 27
503.9 27
504.1 27
504.2 27
514.4 27
515.2 27
516.1 27
516.4 27
516.5 27
517 27
517.2 27
517.4 27
517.5 27
517.6 27
517.7 27
518.1 27
518.4 27
518.9 27
519 27
519.2 27
519.5 27
519.6 27
520 27
520.6 27
520.8 27
520.9 27
521 27
521.3 27
521.4 27
521.5 27
521.7 27
521.9 27
522 27
522.3 27
522.4 27
522.6 27
522.7 27
522.8 27
523.1 27
523.3 27
523.4 27
523.7 27
523.8 27
524 27
524.1 27
524.3 27
524.5 27
524.6 27
525.3 27
525.5 27
525.6 27
525.7 27
525.8 27
526 27
526.2 27
526.4 27
526.5 27
527 27
527.3 27
527.6 27
527.7 27
527.9 27
528 27
528.3 27
528.4 27
528.6 27
528.7 27
528.9 27
529 27
529.3 27
529.4 27
539.1 27
539.4 27
539.7 27
539.8 27
540.2 27
540.3 27
540.9 27
541.4 27
541.5 27
541.9 27
542.3 27
542.5 27
542.7 27
543 27
543.2 27
543.4 27
543.7 27
544 27
544.3 27
544.5 27
544.7 27
544.8 27
544.9 27
545 27
545.1 27
545.4 27
545.5 27
545.7 27
545.9 27
546.1 27
546.4 27
546.5 27
546.7 27
546.9 27
547.3 27
547.8 27
548 27
548.2 27
548.3 27
548.8 27
549.3 27
549.6 27
550.3 27
550.4 27
550.7 27
550.8 27
550.9 27
551.1 27
551.3 27
551.4 27
551.6 27
551.7 27
551.8 27
552.4 27
552.5 27
552.6 27
552.9 27
553.2 27
553.3 27
553.4 27
553.5 27
553.6 27
553.7 27
553.8 27
554 27
554.1 27
554.3 27
563.8 27
565.1 27
565.4 27
565.7 27
566 27
566.2 27
566.5 27
566.7 27
567.6 27
567.7 27
568.2 27
568.6 27
568.9 27
569.4 27
569.6 27
569.9 27
570 27
570.1 27
570.4 27
570.7 27
570.8 27
571 27
571.4 27
571.6 27
571.7 27
571.8 27
571.9 27
572.4 27
572.5 27
572.6 27
572.7 27
573.2 27
573.3 27
573.9 27
574.2 27
574.3 27
574.7 27
574.9 27
575.1 27
575.2 27
575.3 27
575.4 27
575.6 27
575.7 27
576.2 27
576.3 27
576.7 27
576.9 27
577.1 27
577.2 27
577.4 27
577.5 27
577.8 27
577.9 27
578 27
578.2 27
578.3 27
578.4 27
578.7 27
578.9 27
579.2 27
489.6 27.1
490 27.1
491.6 27.1
491.7 27.1
492.4 27.1
492.6 27.1
493 27.1
493.3 27.1
493.8 27.1
493.9 27.1
494.9 27.1
495.2 27.1
495.3 27.1
495.6 27.1
495.7 27.1
495.8 27.1
495.9 27.1
496 27.1
496.2 27.1
496.3 27.1
497.3 27.1
497.7 27.1
498.2 27.1
499.1 27.1
499.4 27.1
499.7 27.1
499.8 27.1
500 27.1
500.2 27.1
500.8 27.1
501.1 27.1
501.3 27.1
501.5 27.1
501.6 27.1
501.8 27.1
502.2 27.1
502.3 27.1
502.8 27.1
503.1 27.1
503.5 27.1
503.7 27.1
503.8 27.1
503.9 27.1
504 27.1
504.2 27.1
504.3 27.1
514.7 27.1
514.9 27.1
515.6 27.1
516.4 27.1
516.8 27.1
517 27.1
517.8 27.1
518 27.1
518.6 27.1
519.4 27.1
519.5 27.1
519.8 27.1
520 27.1
520.1 27.1
520.4 27.1
520.7 27.1
521.7 27.1
523 27.1
523.3 27.1
523.4 27.1
523.7 27.1
523.8 27.1
523.9 27.1
524.1 27.1
524.3 27.1
524.8 27.1
525.1 27.1
525.2 27.1
525.4 27.1
525.7 27.1
526.1 27.1
526.8 27.1
527.3 27.1
527.6 27.1
527.8 27.1
527.9 27.1
528 27.1
528.3 27.1
528.7 27.1
528.8 27.1
529.1 27.1
529.4 27.1
539 27.1
539.6 27.1
539.7 27.1
539.8 27.1
539.9 27.1
541.8 27.1
542.2 27.1
542.4 27.1
543.4 27.1
543.6 27.1
543.8 27.1
544.1 27.1
544.3 27.1
544.9 27.1
545 27.1
545.1 27.1
545.8 27.1
545.9 27.1
546 27.1
546.2 27.1
546.3 27.1
546.5 27.1
546.7 27.1
547 27.1
547.1 27.1
548 27.1
548.3 27.1
548.5 27.1
548.8 27.1
548.9 27.1
549.2 27.1
549.3 27.1
549.5 27.1
549.7 27.1
549.8 27.1
549.9 27.1
550 27.1
550.1 27.1
550.2 27.1
550.3 27.1
550.7 27.1
550.8 27.1
551.4 27.1
551.8 27.1
552.2 27.1
552.5 27.1
553 27.1
553.2 27.1
553.6 27.1
553.9 27.1
554.4 27.1
554.6 27.1
564.1 27.1
564.3 27.1
564.8 27.1
565.1 27.1
565.6 27.1
566.3 27.1
567.7 27.1
568.1 27.1
568.2 27.1
569.5 27.1
569.9 27.1
570.7 27.1
571.1 27.1
571.5 27.1
572.2 27.1
572.3 27.1
572.7 27.1
573 27.1
573.2 27.1
573.5 27.1
573.9 27.1
574 27.1
574.6 27.1
574.8 27.1
575.3 27.1
576.2 27.1
576.3 27.1
576.4 27.1
577.3 27.1
577.5 27.1
577.6 27.1
577.7 27.1
578.6 27.1
578.9 27.1
579.1 27.1
579.2 27.1
579.4 27.1
579.9 27.1
490.7 27.2
492.4 27.2
493.5 27.2
494.5 27.2
494.7 27.2
496.1 27.2
496.4 27.2
497.2 27.2
498 27.2
500.3 27.2
500.8 27.2
501 27.2
501.7 27.2
501.9 27.2
502.2 27.2
502.7 27.2
503.2 27.2
503.3 27.2
504.2 27.2
504.3 27.2
513.8 27.2
514.9 27.2
516.4 27.2
518.2 27.2
520.8 27.2
521.1 27.2
521.3 27.2
523.3 27.2
524.6 27.2
525.2 27.2
526.3 27.2
527.1 27.2
527.4 27.2
529.2 27.2
529.4 27.2
540.4 27.2
541.5 27.2
545.2 27.2
547.2 27.2
547.4 27.2
548.2 27.2
548.3 27.2
548.7 27.2
549.1 27.2
549.5 27.2
550.3 27.2
551.5 27.2
551.9 27.2
553.1 27.2
553.8 27.2
564 27.2
567.2 27.2
567.8 27.2
568.6 27.2
569.4 27.2
569.5 27.2
571 27.2
571.2 27.2
571.4 27.2
571.7 27.2
571.8 27.2
573.8 27.2
574.6 27.2
576.6 27.2
577.6 27.2
578.9 27.2
579.3 27.2
493.7 27.3
496.4 27.3
517.2 27.3
521.7 27.3
524.9 27.3
528.9 27.3
539.5 27.3
553.9 27.3
569.3 27.3
572 27.3
574.4 27.3
575.9 27.3
579.6 27.3
529.1 27.4
577.8 27.4
