-6 -50
-6 -49.5
-6 -49
-6 -48.5
-6 -48
-6 -47.5
-6 -47
-6 -46.5
-6 -43
-6 -42.5
-6 -42
-6 -41.5
-6 -41
-6 -40.5
-6 -40
-6 -39.5
-6 -39
-6 -38.5
-6 -38
-6 -37.5
-6 -37
-6 -36.5
-6 -36
-6 -35.5
-6 -35
-6 -34.5
-6 -34
-6 -33.5
-6 -33
-6 -32.5
-6 -32
-6 -31.5
-6 -31
-6 -30.5
-6 -30
-6 -29.5
-6 -29
-6 -28.5
-6 -28
-6 -27.5
-6 -27
-6 -26.5
-6 -26
-6 -25.5
-6 -25
-6 -24.5
-6 -24
-6 -23.5
-6 -23
-6 -22.5
-6 -22
-6 -21.5
-6 -21
-6 -20.5
-6 -20
-6 -19.5
-6 -19
-6 -18.5
-6 -18
-6 -17.5
-6 -17
-6 -16.5
-6 -16
-6 -15.5
-6 -15
-6 -14.5
-6 -14
-6 -13.5
-6 -13
-6 -12.5
-6 -12
-6 -11.5
-6 -11
-6 -10.5
-6 -10
-6 -9.5
-6 -9
-6 -8.5
-6 -8
-6 -7.5
-6 -7
-6 -6.5
-6 -6
-6 -5.5
-6 -5
-6 -4.5
-6 7.5
-6 8
-6 8.5
-6 9
-6 9.5
-6 10
-6 10.5
-6 11
-6 11.5
-6 12
-6 12.5
-6 13
-6 13.5
-6 14
-6 14.5
-5.5 -50
-5.5 -49.5
-5.5 -49
-5.5 -48.5
-5.5 -48
-5.5 -47.5
-5.5 -47
-5.5 -46.5
-5.5 -43
-5.5 -42.5
-5.5 -42
-5.5 -41.5
-5.5 -41
-5.5 -40.5
-5.5 -40
-5.5 -39.5
-5.5 -39
-5.5 -38.5
-5.5 -38
-5.5 -37.5
-5.5 -37
-5.5 -36.5
-5.5 -36
-5.5 -35.5
-5.5 -35
-5.5 -34.5
-5.5 -34
-5.5 -33.5
-5.5 -33
-5.5 -32.5
-5.5 -32
-5.5 -31.5
-5.5 -31
-5.5 -30.5
-5.5 -30
-5.5 -29.5
-5.5 -29
-5.5 -28.5
-5.5 -28
-5.5 -27.5
-5.5 -27
-5.5 -26.5
-5.5 -26
-5.5 -25.5
-5.5 -25
-5.5 -24.5
-5.5 -24
-5.5 -23.5
-5.5 -23
-5.5 -22.5
-5.5 -22
-5.5 -21.5
-5.5 -21
-5.5 -20.5
-5.5 -20
-5.5 -19.5
-5.5 -19
-5.5 -18.5
-5.5 -18
-5.5 -17.5
-5.5 -17
-5.5 -16.5
-5.5 -16
-5.5 -15.5
-5.5 -15
-5.5 -14.5
-5.5 -14
-5.5 -13.5
-5.5 -13
-5.5 -12.5
-5.5 -12
-5.5 -11.5
-5.5 -11
-5.5 -10.5
-5.5 -10
-5.5 -9.5
-5.5 -9
-5.5 -8.5
-5.5 -8
-5.5 -7.5
-5.5 -7
-5.5 -6.5
-5.5 -6
-5.5 -5.5
-5.5 -5
-5.5 -4.5
-5.5 7.5
-5.5 8
-5.5 8.5
-5.5 9
-5.5 9.5
-5.5 10
-5.5 10.5
-5.5 11
-5.5 11.5
-5.5 12
-5.5 12.5
-5.5 13
-5.5 13.5
-5.5 14
-5.5 14.5
-5 -50
-5 -49.5
-5 -49
-5 -48.5
-5 -48
-5 -47.5
-5 -47
-5 -46.5
-5 -43
-5 -42.5
-5 -42
-5 -41.5
-5 -41
-5 -40.5
-5 -40
-5 -39.5
-5 -39
-5 -38.5
-5 -38
-5 -37.5
-5 -37
-5 -36.5
-5 -36
-5 -35.5
-5 -35
-5 -34.5
-5 -34
-5 -33.5
-5 -33
-5 -32.5
-5 -32
-5 -31.5
-5 -31
-5 -30.5
-5 -30
-5 -29.5
-5 -29
-5 -28.5
-5 -28
-5 -27.5
-5 -27
-5 -26.5
-5 -26
-5 -25.5
-5 -25
-5 -24.5
-5 -24
-5 -23.5
-5 -23
-5 -22.5
-5 -22
-5 -21.5
-5 -21
-5 -20.5
-5 -20
-5 -19.5
-5 -19
-5 -18.5
-5 -18
-5 -17.5
-5 -17
-5 -16.5
-5 -16
-5 -15.5
-5 -15
-5 -14.5
-5 -14
-5 -13.5
-5 -13
-5 -12.5
-5 -12
-5 -11.5
-5 -11
-5 -10.5
-5 -10
-5 -9.5
-5 -9
-5 -8.5
-5 -8
-5 -7.5
-5 -7
-5 -6.5
-5 -6
-5 -5.5
-5 -5
-5 -4.5
-5 7.5
-5 8
-5 8.5
-5 9
-5 9.5
-5 10
-5 10.5
-5 11
-5 11.5
-5 12
-5 12.5
-5 13
-5 13.5
-5 14
-5 14.5
-4.5 -50
-4.5 -49.5
-4.5 -49
-4.5 -48.5
-4.5 -48
-4.5 -47.5
-4.5 -47
-4.5 -46.5
-4.5 -46
-4.5 -43
-4.5 -42.5
-4.5 -42
-4.5 -41.5
-4.5 -41
-4.5 -40.5
-4.5 -40
-4.5 -39.5
-4.5 -39
-4.5 -38.5
-4.5 -38
-4.5 -37.5
-4.5 -37
-4.5 -36.5
-4.5 -36
-4.5 -35.5
-4.5 -35
-4.5 -34.5
-4.5 -34
-4.5 -33.5
-4.5 -33
-4.5 -19
-4.5 -18.5
-4.5 -18
-4.5 -17.5
-4.5 -17
-4.5 -16.5
-4.5 -16
-4.5 -15.5
-4.5 -15
-4.5 -14.5
-4.5 -14
-4.5 -13.5
-4.5 -13
-4.5 -12.5
-4.5 -12
-4.5 -11.5
-4.5 -11
-4.5 -10.5
-4.5 -10
-4.5 -9.5
-4.5 -9
-4.5 -8.5
-4.5 -8
-4.5 -7.5
-4.5 -7
-4.5 -6.5
-4.5 -6
-4.5 -5.5
-4.5 -5
-4.5 -4.5
-4.5 7.5
-4.5 8
-4.5 8.5
-4.5 9
-4.5 9.5
-4.5 10
-4.5 10.5
-4.5 11
-4.5 11.5
-4.5 12
-4.5 12.5
-4.5 13
-4.5 13.5
-4.5 14
-4.5 14.5
-4 -50
-4 -49.5
-4 -49
-4 -48.5
-4 -48
-4 -47.5
-4 -47
-4 -46.5
-4 -46
-4 -43
-4 -42.5
-4 -42
-4 -41.5
-4 -41
-4 -40.5
-4 -40
-4 -39.5
-4 -39
-4 -38.5
-4 -38
-4 -37.5
-4 -37
-4 -36.5
-4 -36
-4 -35.5
-4 -35
-4 -34.5
-4 -18
-4 -17.5
-4 -17
-4 -16.5
-4 -16
-4 -15.5
-4 -15
-4 -14.5
-4 -14
-4 -13.5
-4 -13
-4 -12.5
-4 -12
-4 -11.5
-4 -11
-4 -10.5
-4 -10
-4 -9.5
-4 -9
-4 -8.5
-4 -8
-4 -7.5
-4 -7
-4 -6.5
-4 -6
-4 -5.5
-4 -5
-4 -4.5
-4 7.5
-4 8
-4 8.5
-4 9
-4 9.5
-4 10
-4 10.5
-4 11
-4 11.5
-4 12
-4 12.5
-4 13
-4 13.5
-4 14
-4 14.5
-3.5 -50
-3.5 -49.5
-3.5 -49
-3.5 -48.5
-3.5 -48
-3.5 -47.5
-3.5 -47
-3.5 -46.5
-3.5 -46
-3.5 -42.5
-3.5 -42
-3.5 -41.5
-3.5 -41
-3.5 -40.5
-3.5 -40
-3.5 -39.5
-3.5 -39
-3.5 -38.5
-3.5 -38
-3.5 -37.5
-3.5 -37
-3.5 -36.5
-3.5 -36
-3.5 -35.5
-3.5 -17
-3.5 -16.5
-3.5 -16
-3.5 -15.5
-3.5 -15
-3.5 -14.5
-3.5 -14
-3.5 -13.5
-3.5 -13
-3.5 -12.5
-3.5 -12
-3.5 -11.5
-3.5 -11
-3.5 -10.5
-3.5 -10
-3.5 -9.5
-3.5 -9
-3.5 -8.5
-3.5 -8
-3.5 -7.5
-3.5 -7
-3.5 -6.5
-3.5 -6
-3.5 -5.5
-3.5 -5
-3.5 -4.5
-3.5 7.5
-3.5 8
-3.5 8.5
-3.5 9
-3.5 9.5
-3.5 10
-3.5 10.5
-3.5 11
-3.5 11.5
-3.5 12
-3.5 12.5
-3.5 13
-3.5 13.5
-3.5 14
-3.5 14.5
-3 -50
-3 -49.5
-3 -49
-3 -48.5
-3 -48
-3 -47.5
-3 -47
-3 -46.5
-3 -46
-3 -42
-3 -41.5
-3 -41
-3 -40.5
-3 -40
-3 -39.5
-3 -39
-3 -38.5
-3 -38
-3 -37.5
-3 -37
-3 -36.5
-3 -15.5
-3 -15
-3 -14.5
-3 -14
-3 -13.5
-3 -13
-3 -12.5
-3 -12
-3 -11.5
-3 -11
-3 -10.5
-3 -10
-3 -9.5
-3 -9
-3 -8.5
-3 -8
-3 -7.5
-3 -7
-3 -6.5
-3 -6
-3 -5.5
-3 -5
-3 -4.5
-3 7.5
-3 8
-3 8.5
-3 9
-3 9.5
-3 10
-3 10.5
-3 11
-3 11.5
-3 12
-3 12.5
-3 13
-3 13.5
-3 14
-3 14.5
-2.5 -50
-2.5 -49.5
-2.5 -49
-2.5 -48.5
-2.5 -48
-2.5 -47.5
-2.5 -47
-2.5 -46.5
-2.5 -46
-2.5 -45.5
-2.5 -12.5
-2.5 -12
-2.5 -11.5
-2.5 -11
-2.5 -10.5
-2.5 -10
-2.5 -9.5
-2.5 -9
-2.5 -8.5
-2.5 -8
-2.5 -7.5
-2.5 -7
-2.5 -6.5
-2.5 -6
-2.5 -5.5
-2.5 -5
-2.5 7.5
-2.5 8
-2.5 8.5
-2.5 9
-2.5 9.5
-2.5 10
-2.5 10.5
-2.5 11
-2.5 11.5
-2.5 12
-2.5 12.5
-2.5 13
-2.5 13.5
-2.5 14
-2.5 14.5
-2 -50
-2 -49.5
-2 -49
-2 -48.5
-2 -48
-2 -47.5
-2 -47
-2 -46.5
-2 -46
-2 -45.5
-2 -45
-2 7.5
-2 8
-2 8.5
-2 9
-2 9.5
-2 10
-2 10.5
-2 11
-2 11.5
-2 12
-2 12.5
-2 13
-2 13.5
-2 14
-2 14.5
-1.5 -50
-1.5 -49.5
-1.5 -49
-1.5 -48.5
-1.5 -48
-1.5 -47.5
-1.5 -47
-1.5 -46.5
-1.5 -46
-1.5 -45.5
-1.5 -45
-1.5 7.5
-1.5 8
-1.5 8.5
-1.5 9
-1.5 9.5
-1.5 10
-1.5 10.5
-1.5 11
-1.5 11.5
-1.5 12
-1.5 12.5
-1.5 13
-1.5 13.5
-1.5 14
-1.5 14.5
-1 -50
-1 -49.5
-1 -49
-1 -48.5
-1 -48
-1 -47.5
-1 -47
-1 -46.5
-1 -46
-1 -45.5
-1 -45
-1 -44.5
-1 -44
-1 7.5
-1 8
-1 8.5
-1 9
-1 9.5
-1 10
-1 10.5
-1 11
-1 11.5
-1 12
-1 12.5
-1 13
-1 13.5
-1 14
-1 14.5
-0.5 -50
-0.5 -49.5
-0.5 -49
-0.5 -48.5
-0.5 -48
-0.5 -47.5
-0.5 -47
-0.5 -46.5
-0.5 -46
-0.5 -45.5
-0.5 -45
-0.5 -44.5
-0.5 -44
-0.5 -43.5
-0.5 7.5
-0.5 8
-0.5 8.5
-0.5 9
-0.5 9.5
-0.5 10
-0.5 10.5
-0.5 11
-0.5 11.5
-0.5 12
-0.5 12.5
-0.5 13
-0.5 13.5
-0.5 14
-0.5 14.5
0 -50
0 -49.5
0 -49
0 -48.5
0 -48
0 -47.5
0 -47
0 -46.5
0 -46
0 -45.5
0 -45
0 -44.5
0 -44
0 -43.5
0 -43
0 -42.5
0 -42
0 -41.5
0 7.5
0 8
0 8.5
0 9
0 9.5
0 10
0 10.5
0 11
0 11.5
0 12
0 12.5
0 13
0 13.5
0 14
0 14.5
0.5 -50
0.5 -49.5
0.5 -49
0.5 -48.5
0.5 -48
0.5 -47.5
0.5 -47
0.5 -46.5
0.5 -46
0.5 -45.5
0.5 -45
0.5 -44.5
0.5 -44
0.5 -43.5
0.5 -43
0.5 -42.5
0.5 -42
0.5 -41.5
0.5 -41
0.5 -40.5
0.5 -40
0.5 -39.5
0.5 -39
0.5 -38.5
0.5 -38
0.5 7.5
0.5 8
0.5 8.5
0.5 9
0.5 9.5
0.5 10
0.5 10.5
0.5 11
0.5 11.5
0.5 12
0.5 12.5
0.5 13
0.5 13.5
0.5 14
0.5 14.5
1 -50
1 -49.5
1 -49
1 -48.5
1 -48
1 -47.5
1 -47
1 -46.5
1 -46
1 -45.5
1 -45
1 -44.5
1 -44
1 -43.5
1 -43
1 -42.5
1 -42
1 -41.5
1 -41
1 -40.5
1 -40
1 -39.5
1 -39
1 -38.5
1 -38
1 -37.5
1 7.5
1 8
1 8.5
1 9
1 9.5
1 10
1 10.5
1 11
1 11.5
1 12
1 12.5
1 13
1 13.5
1 14
1 14.5
1.5 -50
1.5 -49.5
1.5 -49
1.5 -48.5
1.5 -48
1.5 -47.5
1.5 -47
1.5 -46.5
1.5 -46
1.5 -45.5
1.5 -45
1.5 -44.5
1.5 -44
1.5 -43.5
1.5 -43
1.5 -42.5
1.5 -42
1.5 -41.5
1.5 -41
1.5 -40.5
1.5 -40
1.5 -39.5
1.5 -39
1.5 -38.5
1.5 -38
1.5 -37.5
1.5 7.5
1.5 8
1.5 8.5
1.5 9
1.5 9.5
1.5 10
1.5 10.5
1.5 11
1.5 11.5
1.5 12
1.5 12.5
1.5 13
1.5 13.5
1.5 14
1.5 14.5
2 -50
2 -49.5
2 -49
2 -48.5
2 -48
2 -47.5
2 -47
2 -46.5
2 -46
2 -45.5
2 -45
2 -44.5
2 -44
2 -43.5
2 -43
2 -42.5
2 -42
2 -41.5
2 -41
2 -40.5
2 -40
2 -39.5
2 -39
2 -38.5
2 -38
2 -37.5
2 7.5
2 8
2 8.5
2 9
2 9.5
2 10
2 10.5
2 11
2 11.5
2 12
2 12.5
2 13
2 13.5
2 14
2 14.5
2.5 -50
2.5 -49.5
2.5 -49
2.5 -48.5
2.5 -48
2.5 -47.5
2.5 -47
2.5 -46.5
2.5 -46
2.5 -45.5
2.5 -45
2.5 -44.5
2.5 -44
2.5 -43.5
2.5 -43
2.5 -42.5
2.5 -42
2.5 -41.5
2.5 -41
2.5 -40.5
2.5 -40
2.5 -39.5
2.5 -39
2.5 -38.5
2.5 -38
2.5 -37.5
2.5 -31
2.5 -30.5
2.5 -30
2.5 -29.5
2.5 -29
2.5 -28.5
2.5 -28
2.5 -27.5
2.5 -27
2.5 -26.5
2.5 -26
2.5 -25.5
2.5 -25
2.5 -24.5
2.5 -24
2.5 -23.5
2.5 -23
2.5 -22.5
2.5 -22
2.5 -21.5
2.5 -21
2.5 -20.5
2.5 -20
2.5 -19.5
2.5 -19
2.5 -18.5
2.5 -18
2.5 -10
2.5 -9.5
2.5 -9
2.5 -8.5
2.5 -8
2.5 -7.5
2.5 -7
2.5 -6.5
2.5 -6
2.5 -5.5
2.5 -5
2.5 7.5
2.5 8
2.5 8.5
2.5 9
2.5 9.5
2.5 10
2.5 10.5
2.5 11
2.5 11.5
2.5 12
2.5 12.5
2.5 13
2.5 13.5
2.5 14
2.5 14.5
3 -50
3 -49.5
3 -49
3 -48.5
3 -48
3 -47.5
3 -47
3 -46.5
3 -46
3 -45.5
3 -45
3 -44.5
3 -44
3 -43.5
3 -43
3 -42.5
3 -42
3 -41.5
3 -41
3 -40.5
3 -40
3 -39.5
3 -39
3 -38.5
3 -38
3 -37.5
3 -32
3 -31.5
3 -31
3 -30.5
3 -30
3 -29.5
3 -29
3 -28.5
3 -28
3 -27.5
3 -27
3 -26.5
3 -26
3 -25.5
3 -25
3 -24.5
3 -24
3 -23.5
3 -23
3 -22.5
3 -22
3 -21.5
3 -21
3 -20.5
3 -20
3 -19.5
3 -19
3 -18.5
3 -18
3 -17.5
3 -17
3 -11
3 -10.5
3 -10
3 -9.5
3 -9
3 -8.5
3 -8
3 -7.5
3 -7
3 -6.5
3 -6
3 -5.5
3 -5
3 -4.5
3 -4
3 7.5
3 8
3 8.5
3 9
3 9.5
3 10
3 10.5
3 11
3 11.5
3 12
3 12.5
3 13
3 13.5
3 14
3 14.5
3.5 -50
3.5 -49.5
3.5 -49
3.5 -48.5
3.5 -48
3.5 -47.5
3.5 -47
3.5 -46.5
3.5 -46
3.5 -45.5
3.5 -45
3.5 -44.5
3.5 -44
3.5 -43.5
3.5 -43
3.5 -42.5
3.5 -42
3.5 -41.5
3.5 -41
3.5 -40.5
3.5 -40
3.5 -39.5
3.5 -39
3.5 -38.5
3.5 -38
3.5 -37.5
3.5 -32.5
3.5 -32
3.5 -31.5
3.5 -31
3.5 -30.5
3.5 -30
3.5 -29.5
3.5 -29
3.5 -28.5
3.5 -28
3.5 -27.5
3.5 -27
3.5 -26.5
3.5 -26
3.5 -25.5
3.5 -25
3.5 -24.5
3.5 -24
3.5 -23.5
3.5 -23
3.5 -22.5
3.5 -22
3.5 -21.5
3.5 -21
3.5 -20.5
3.5 -20
3.5 -19.5
3.5 -19
3.5 -18.5
3.5 -18
3.5 -17.5
3.5 -17
3.5 -16.5
3.5 -11.5
3.5 -11
3.5 -10.5
3.5 -10
3.5 -9.5
3.5 -9
3.5 -8.5
3.5 -8
3.5 -7.5
3.5 -7
3.5 -6.5
3.5 -6
3.5 -5.5
3.5 -5
3.5 -4.5
3.5 -4
3.5 7.5
3.5 8
3.5 8.5
3.5 9
3.5 9.5
3.5 10
3.5 10.5
3.5 11
3.5 11.5
3.5 12
3.5 12.5
3.5 13
3.5 13.5
3.5 14
3.5 14.5
4 -50
4 -49.5
4 -49
4 -48.5
4 -48
4 -47.5
4 -47
4 -46.5
4 -46
4 -45.5
4 -45
4 -44.5
4 -44
4 -43.5
4 -43
4 -42.5
4 -42
4 -41.5
4 -41
4 -40.5
4 -40
4 -39.5
4 -39
4 -38.5
4 -38
4 -37.5
4 -32.5
4 -32
4 -31.5
4 -31
4 -30.5
4 -30
4 -29.5
4 -29
4 -28.5
4 -28
4 -27.5
4 -27
4 -26.5
4 -26
4 -25.5
4 -25
4 -24.5
4 -24
4 -23.5
4 -23
4 -22.5
4 -22
4 -21.5
4 -21
4 -20.5
4 -20
4 -19.5
4 -19
4 -18.5
4 -18
4 -17.5
4 -17
4 -16.5
4 -11.5
4 -11
4 -10.5
4 -10
4 -9.5
4 -9
4 -8.5
4 -8
4 -7.5
4 -7
4 -6.5
4 -6
4 -5.5
4 -5
4 -4.5
4 -4
4 7.5
4 8
4 8.5
4 9
4 9.5
4 10
4 10.5
4 11
4 11.5
4 12
4 12.5
4 13
4 13.5
4 14
4 14.5
4.5 -50
4.5 -49.5
4.5 -49
4.5 -48.5
4.5 -48
4.5 -47.5
4.5 -47
4.5 -46.5
4.5 -46
4.5 -45.5
4.5 -45
4.5 -44.5
4.5 -44
4.5 -43.5
4.5 -26.5
4.5 -26
4.5 -25.5
4.5 -25
4.5 -24.5
4.5 -24
4.5 -23.5
4.5 -23
4.5 -22.5
4.5 -5.5
4.5 -5
4.5 -4.5
4.5 -4
4.5 7.5
4.5 8
4.5 8.5
4.5 9
4.5 9.5
4.5 10
4.5 10.5
4.5 11
4.5 11.5
4.5 12
4.5 12.5
4.5 13
4.5 13.5
4.5 14
4.5 14.5
5 -50
5 -49.5
5 -49
5 -48.5
5 -48
5 -47.5
5 -47
5 -46.5
5 -46
5 -45.5
5 -45
5 -44.5
5 -44
5 -43.5
5 -26.5
5 -26
5 -25.5
5 -25
5 -24.5
5 -24
5 -23.5
5 -23
5 -22.5
5 -5.5
5 -5
5 -4.5
5 -4
5 7.5
5 8
5 8.5
5 9
5 9.5
5 10
5 10.5
5 11
5 11.5
5 12
5 12.5
5 13
5 13.5
5 14
5 14.5
5.5 -50
5.5 -49.5
5.5 -49
5.5 -48.5
5.5 -48
5.5 -47.5
5.5 -47
5.5 -46.5
5.5 -46
5.5 -45.5
5.5 -45
5.5 -44.5
5.5 -44
5.5 -43.5
5.5 -26.5
5.5 -26
5.5 -25.5
5.5 -25
5.5 -24.5
5.5 -24
5.5 -23.5
5.5 -23
5.5 -22.5
5.5 -5.5
5.5 -5
5.5 -4.5
5.5 -4
5.5 7.5
5.5 8
5.5 8.5
5.5 9
5.5 9.5
5.5 10
5.5 10.5
5.5 11
5.5 11.5
5.5 12
5.5 12.5
5.5 13
5.5 13.5
5.5 14
5.5 14.5
6 -50
6 -49.5
6 -49
6 -48.5
6 -48
6 -47.5
6 -47
6 -46.5
6 -46
6 -45.5
6 -45
6 -44.5
6 -44
6 -43.5
6 -26.5
6 -26
6 -25.5
6 -25
6 -24.5
6 -24
6 -23.5
6 -23
6 -22.5
6 -5.5
6 -5
6 -4.5
6 -4
6 7.5
6 8
6 8.5
6 9
6 9.5
6 10
6 10.5
6 11
6 11.5
6 12
6 12.5
6 13
6 13.5
6 14
6 14.5
6.5 -50
6.5 -49.5
6.5 -49
6.5 -48.5
6.5 -48
6.5 -47.5
6.5 -47
6.5 -46.5
6.5 -46
6.5 -45.5
6.5 -45
6.5 -44.5
6.5 -44
6.5 -43.5
6.5 -26.5
6.5 -26
6.5 -25.5
6.5 -25
6.5 -24.5
6.5 -24
6.5 -23.5
6.5 -23
6.5 -22.5
6.5 -5.5
6.5 -5
6.5 -4.5
6.5 -4
6.5 7.5
6.5 8
6.5 8.5
6.5 9
6.5 9.5
6.5 10
6.5 10.5
6.5 11
6.5 11.5
6.5 12
6.5 12.5
6.5 13
6.5 13.5
6.5 14
6.5 14.5
7 -50
7 -49.5
7 -49
7 -48.5
7 -48
7 -47.5
7 -47
7 -46.5
7 -46
7 -45.5
7 -45
7 -44.5
7 -44
7 -43.5
7 -26.5
7 -26
7 -25.5
7 -25
7 -24.5
7 -24
7 -23.5
7 -23
7 -22.5
7 -5.5
7 -5
7 -4.5
7 -4
7 8
7 8.5
7 9
7 9.5
7 10
7 10.5
7 11
7 11.5
7 12
7 12.5
7 13
7 13.5
7 14
7 14.5
7.5 -50
7.5 -49.5
7.5 -49
7.5 -48.5
7.5 -48
7.5 -47.5
7.5 -47
7.5 -46.5
7.5 -46
7.5 -45.5
7.5 -45
7.5 -44.5
7.5 -44
7.5 -43.5
7.5 -26.5
7.5 -26
7.5 -25.5
7.5 -25
7.5 -24.5
7.5 -24
7.5 -23.5
7.5 -23
7.5 -22.5
7.5 -5.5
7.5 -5
7.5 -4.5
7.5 -4
7.5 -3.5
7.5 8
7.5 8.5
7.5 9
7.5 9.5
7.5 10
7.5 10.5
7.5 11
7.5 11.5
7.5 12
7.5 12.5
7.5 13
7.5 13.5
7.5 14
7.5 14.5
8 -50
8 -49.5
8 -49
8 -48.5
8 -48
8 -47.5
8 -47
8 -46.5
8 -46
8 -45.5
8 -45
8 -44.5
8 -44
8 -43.5
8 -26.5
8 -26
8 -25.5
8 -25
8 -24.5
8 -24
8 -23.5
8 -23
8 -22.5
8 -5.5
8 -5
8 -4.5
8 -4
8 -3.5
8 8
8 8.5
8 9
8 9.5
8 10
8 10.5
8 11
8 11.5
8 12
8 12.5
8 13
8 13.5
8 14
8 14.5
8.5 -50
8.5 -49.5
8.5 -49
8.5 -48.5
8.5 -48
8.5 -47.5
8.5 -47
8.5 -46.5
8.5 -46
8.5 -45.5
8.5 -45
8.5 -44.5
8.5 -44
8.5 -43.5
8.5 -26.5
8.5 -26
8.5 -25.5
8.5 -25
8.5 -24.5
8.5 -24
8.5 -23.5
8.5 -23
8.5 -22.5
8.5 -5.5
8.5 -5
8.5 -4.5
8.5 -4
8.5 -3.5
8.5 8
8.5 8.5
8.5 9
8.5 9.5
8.5 10
8.5 10.5
8.5 11
8.5 11.5
8.5 12
8.5 12.5
8.5 13
8.5 13.5
8.5 14
8.5 14.5
9 -50
9 -49.5
9 -49
9 -48.5
9 -48
9 -47.5
9 -47
9 -46.5
9 -46
9 -45.5
9 -45
9 -44.5
9 -44
9 -43.5
9 -26.5
9 -26
9 -25.5
9 -25
9 -24.5
9 -24
9 -23.5
9 -23
9 -22.5
9 -5.5
9 -5
9 -4.5
9 -4
9 -3.5
9 8
9 8.5
9 9
9 9.5
9 10
9 10.5
9 11
9 11.5
9 12
9 12.5
9 13
9 13.5
9 14
9 14.5
9.5 -50
9.5 -49.5
9.5 -49
9.5 -48.5
9.5 -48
9.5 -47.5
9.5 -47
9.5 -46.5
9.5 -46
9.5 -45.5
9.5 -45
9.5 -44.5
9.5 -44
9.5 -43.5
9.5 -26.5
9.5 -26
9.5 -25.5
9.5 -25
9.5 -24.5
9.5 -24
9.5 -23.5
9.5 -23
9.5 -22.5
9.5 -5.5
9.5 -5
9.5 -4.5
9.5 -4
9.5 -3.5
9.5 8
9.5 8.5
9.5 9
9.5 9.5
9.5 10
9.5 10.5
9.5 11
9.5 11.5
9.5 12
9.5 12.5
9.5 13
9.5 13.5
9.5 14
9.5 14.5
10 -50
10 -49.5
10 -49
10 -48.5
10 -48
10 -47.5
10 -47
10 -46.5
10 -46
10 -45.5
10 -45
10 -44.5
10 -44
10 -43.5
10 -26.5
10 -26
10 -25.5
10 -25
10 -24.5
10 -24
10 -23.5
10 -23
10 -22.5
10 -5.5
10 -5
10 -4.5
10 -4
10 -3.5
10 8
10 8.5
10 9
10 9.5
10 10
10 10.5
10 11
10 11.5
10 12
10 12.5
10 13
10 13.5
10 14
10 14.5
10.5 -50
10.5 -49.5
10.5 -49
10.5 -48.5
10.5 -48
10.5 -47.5
10.5 -47
10.5 -46.5
10.5 -46
10.5 -45.5
10.5 -45
10.5 -44.5
10.5 -44
10.5 -43.5
10.5 -26.5
10.5 -26
10.5 -25.5
10.5 -25
10.5 -24.5
10.5 -24
10.5 -23.5
10.5 -23
10.5 -22.5
10.5 -5.5
10.5 -5
10.5 -4.5
10.5 -4
10.5 -3.5
10.5 8
10.5 8.5
10.5 9
10.5 9.5
10.5 10
10.5 10.5
10.5 11
10.5 11.5
10.5 12
10.5 12.5
10.5 13
10.5 13.5
10.5 14
10.5 14.5
11 -50
11 -49.5
11 -49
11 -48.5
11 -48
11 -47.5
11 -47
11 -46.5
11 -46
11 -45.5
11 -45
11 -44.5
11 -44
11 -43.5
11 -26.5
11 -26
11 -25.5
11 -25
11 -24.5
11 -24
11 -23.5
11 -23
11 -22.5
11 -5.5
11 -5
11 -4.5
11 -4
11 -3.5
11 8
11 8.5
11 9
11 9.5
11 10
11 10.5
11 11
11 11.5
11 12
11 12.5
11 13
11 13.5
11 14
11 14.5
11.5 -50
11.5 -49.5
11.5 -49
11.5 -48.5
11.5 -48
11.5 -47.5
11.5 -47
11.5 -46.5
11.5 -46
11.5 -45.5
11.5 -45
11.5 -44.5
11.5 -44
11.5 -43.5
11.5 -26.5
11.5 -26
11.5 -25.5
11.5 -25
11.5 -24.5
11.5 -24
11.5 -23.5
11.5 -23
11.5 -22.5
11.5 -5.5
11.5 -5
11.5 -4.5
11.5 -4
11.5 -3.5
11.5 8
11.5 8.5
11.5 9
11.5 9.5
11.5 10
11.5 10.5
11.5 11
11.5 11.5
11.5 12
11.5 12.5
11.5 13
11.5 13.5
11.5 14
11.5 14.5
12 -50
12 -49.5
12 -49
12 -48.5
12 -48
12 -47.5
12 -47
12 -46.5
12 -46
12 -45.5
12 -45
12 -44.5
12 -44
12 -43.5
12 -26.5
12 -26
12 -25.5
12 -25
12 -24.5
12 -24
12 -23.5
12 -23
12 -22.5
12 -5.5
12 -5
12 -4.5
12 -4
12 -3.5
12 8
12 8.5
12 9
12 9.5
12 10
12 10.5
12 11
12 11.5
12 12
12 12.5
12 13
12 13.5
12 14
12 14.5
12.5 -50
12.5 -49.5
12.5 -49
12.5 -48.5
12.5 -48
12.5 -47.5
12.5 -47
12.5 -46.5
12.5 -46
12.5 -45.5
12.5 -45
12.5 -44.5
12.5 -44
12.5 -43.5
12.5 -26.5
12.5 -26
12.5 -25.5
12.5 -25
12.5 -24.5
12.5 -24
12.5 -23.5
12.5 -23
12.5 -22.5
12.5 -5.5
12.5 -5
12.5 -4.5
12.5 -4
12.5 -3.5
12.5 8
12.5 8.5
12.5 9
12.5 9.5
12.5 10
12.5 10.5
12.5 11
12.5 11.5
12.5 12
12.5 12.5
12.5 13
12.5 13.5
12.5 14
12.5 14.5
13 -50
13 -49.5
13 -49
13 -48.5
13 -48
13 -47.5
13 -47
13 -46.5
13 -46
13 -45.5
13 -45
13 -44.5
13 -44
13 -43.5
13 -26.5
13 -26
13 -25.5
13 -25
13 -24.5
13 -24
13 -23.5
13 -23
13 -22.5
13 -5.5
13 -5
13 -4.5
13 -4
13 -3.5
13 8
13 8.5
13 9
13 9.5
13 10
13 10.5
13 11
13 11.5
13 12
13 12.5
13 13
13 13.5
13 14
13 14.5
13.5 -50
13.5 -49.5
13.5 -49
13.5 -48.5
13.5 -48
13.5 -47.5
13.5 -47
13.5 -46.5
13.5 -46
13.5 -45.5
13.5 -45
13.5 -44.5
13.5 -44
13.5 -43.5
13.5 -26.5
13.5 -26
13.5 -25.5
13.5 -25
13.5 -24.5
13.5 -24
13.5 -23.5
13.5 -23
13.5 -22.5
13.5 -5.5
13.5 -5
13.5 -4.5
13.5 -4
13.5 -3.5
13.5 8.5
13.5 9
13.5 9.5
13.5 10
13.5 10.5
13.5 11
13.5 11.5
13.5 12
13.5 12.5
13.5 13
13.5 13.5
13.5 14
13.5 14.5
14 -50
14 -49.5
14 -49
14 -48.5
14 -48
14 -47.5
14 -47
14 -46.5
14 -46
14 -45.5
14 -45
14 -44.5
14 -44
14 -43.5
14 -26.5
14 -26
14 -25.5
14 -25
14 -24.5
14 -24
14 -23.5
14 -23
14 -22.5
14 -5.5
14 -5
14 -4.5
14 -4
14 -3.5
14 -3
14 8.5
14 9
14 9.5
14 10
14 10.5
14 11
14 11.5
14 12
14 12.5
14 13
14 13.5
14 14
14 14.5
14.5 -50
14.5 -49.5
14.5 -49
14.5 -48.5
14.5 -48
14.5 -47.5
14.5 -47
14.5 -46.5
14.5 -46
14.5 -45.5
14.5 -45
14.5 -44.5
14.5 -44
14.5 -43.5
14.5 -26.5
14.5 -26
14.5 -25.5
14.5 -25
14.5 -24.5
14.5 -24
14.5 -23.5
14.5 -23
14.5 -22.5
14.5 -5.5
14.5 -5
14.5 -4.5
14.5 -4
14.5 -3.5
14.5 -3
14.5 8.5
14.5 9
14.5 9.5
14.5 10
14.5 10.5
14.5 11
14.5 11.5
14.5 12
14.5 12.5
14.5 13
14.5 13.5
14.5 14
14.5 14.5
15 -50
15 -49.5
15 -49
15 -48.5
15 -48
15 -47.5
15 -47
15 -46.5
15 -46
15 -45.5
15 -45
15 -44.5
15 -44
15 -43.5
15 -26.5
15 -26
15 -25.5
15 -25
15 -24.5
15 -24
15 -23.5
15 -23
15 -22.5
15 -5.5
15 -5
15 -4.5
15 -4
15 -3.5
15 -3
15 8.5
15 9
15 9.5
15 10
15 10.5
15 11
15 11.5
15 12
15 12.5
15 13
15 13.5
15 14
15 14.5
15.5 -50
15.5 -49.5
15.5 -49
15.5 -48.5
15.5 -48
15.5 -47.5
15.5 -47
15.5 -46.5
15.5 -46
15.5 -45.5
15.5 -45
15.5 -44.5
15.5 -44
15.5 -43.5
15.5 -26.5
15.5 -26
15.5 -25.5
15.5 -25
15.5 -24.5
15.5 -24
15.5 -23.5
15.5 -23
15.5 -22.5
15.5 -5.5
15.5 -5
15.5 -4.5
15.5 -4
15.5 -3.5
15.5 -3
15.5 8.5
15.5 9
15.5 9.5
15.5 10
15.5 10.5
15.5 11
15.5 11.5
15.5 12
15.5 12.5
15.5 13
15.5 13.5
15.5 14
15.5 14.5
16 -50
16 -49.5
16 -49
16 -48.5
16 -48
16 -47.5
16 -47
16 -46.5
16 -46
16 -45.5
16 -45
16 -44.5
16 -44
16 -43.5
16 -26.5
16 -26
16 -25.5
16 -25
16 -24.5
16 -24
16 -23.5
16 -23
16 -22.5
16 -5.5
16 -5
16 -4.5
16 -4
16 -3.5
16 -3
16 8.5
16 9
16 9.5
16 10
16 10.5
16 11
16 11.5
16 12
16 12.5
16 13
16 13.5
16 14
16 14.5
16.5 -50
16.5 -49.5
16.5 -49
16.5 -48.5
16.5 -48
16.5 -47.5
16.5 -47
16.5 -46.5
16.5 -46
16.5 -45.5
16.5 -45
16.5 -44.5
16.5 -44
16.5 -43.5
16.5 -26.5
16.5 -26
16.5 -25.5
16.5 -25
16.5 -24.5
16.5 -24
16.5 -23.5
16.5 -23
16.5 -22.5
16.5 -5.5
16.5 -5
16.5 -4.5
16.5 -4
16.5 -3.5
16.5 -3
16.5 8.5
16.5 9
16.5 9.5
16.5 10
16.5 10.5
16.5 11
16.5 11.5
16.5 12
16.5 12.5
16.5 13
16.5 13.5
16.5 14
16.5 14.5
17 -50
17 -49.5
17 -49
17 -48.5
17 -48
17 -47.5
17 -47
17 -46.5
17 -46
17 -45.5
17 -45
17 -44.5
17 -44
17 -43.5
17 -26.5
17 -26
17 -25.5
17 -25
17 -24.5
17 -24
17 -23.5
17 -23
17 -22.5
17 -5.5
17 -5
17 -4.5
17 -4
17 -3.5
17 -3
17 8.5
17 9
17 9.5
17 10
17 10.5
17 11
17 11.5
17 12
17 12.5
17 13
17 13.5
17 14
17 14.5
17.5 -50
17.5 -49.5
17.5 -49
17.5 -48.5
17.5 -48
17.5 -47.5
17.5 -47
17.5 -46.5
17.5 -46
17.5 -45.5
17.5 -45
17.5 -44.5
17.5 -44
17.5 -43.5
17.5 -26.5
17.5 -26
17.5 -25.5
17.5 -25
17.5 -24.5
17.5 -24
17.5 -23.5
17.5 -23
17.5 -22.5
17.5 -5.5
17.5 -5
17.5 -4.5
17.5 -4
17.5 -3.5
17.5 -3
17.5 8.5
17.5 9
17.5 9.5
17.5 10
17.5 10.5
17.5 11
17.5 11.5
17.5 12
17.5 12.5
17.5 13
17.5 13.5
17.5 14
17.5 14.5
18 -50
18 -49.5
18 -49
18 -48.5
18 -48
18 -47.5
18 -47
18 -46.5
18 -46
18 -45.5
18 -45
18 -44.5
18 -44
18 -43.5
18 -26.5
18 -26
18 -25.5
18 -25
18 -24.5
18 -24
18 -23.5
18 -23
18 -22.5
18 -5.5
18 -5
18 -4.5
18 -4
18 -3.5
18 -3
18 -2.5
18 8.5
18 9
18 9.5
18 10
18 10.5
18 11
18 11.5
18 12
18 12.5
18 13
18 13.5
18 14
18 14.5
18.5 -50
18.5 -49.5
18.5 -49
18.5 -48.5
18.5 -48
18.5 -47.5
18.5 -47
18.5 -46.5
18.5 -46
18.5 -45.5
18.5 -45
18.5 -44.5
18.5 -44
18.5 -43.5
18.5 -26.5
18.5 -26
18.5 -25.5
18.5 -25
18.5 -24.5
18.5 -24
18.5 -23.5
18.5 -23
18.5 -22.5
18.5 -5.5
18.5 -5
18.5 -4.5
18.5 -4
18.5 -3.5
18.5 -3
18.5 -2.5
18.5 8.5
18.5 9
18.5 9.5
18.5 10
18.5 10.5
18.5 11
18.5 11.5
18.5 12
18.5 12.5
18.5 13
18.5 13.5
18.5 14
18.5 14.5
19 -50
19 -49.5
19 -49
19 -48.5
19 -48
19 -47.5
19 -47
19 -46.5
19 -46
19 -45.5
19 -45
19 -44.5
19 -44
19 -43.5
19 -26.5
19 -26
19 -25.5
19 -25
19 -24.5
19 -24
19 -23.5
19 -23
19 -22.5
19 -5.5
19 -5
19 -4.5
19 -4
19 -3.5
19 -3
19 -2.5
19 8.5
19 9
19 9.5
19 10
19 10.5
19 11
19 11.5
19 12
19 12.5
19 13
19 13.5
19 14
19 14.5
19.5 -50
19.5 -49.5
19.5 -49
19.5 -48.5
19.5 -48
19.5 -47.5
19.5 -47
19.5 -46.5
19.5 -46
19.5 -45.5
19.5 -45
19.5 -44.5
19.5 -44
19.5 -43.5
19.5 -26.5
19.5 -26
19.5 -25.5
19.5 -25
19.5 -24.5
19.5 -24
19.5 -23.5
19.5 -23
19.5 -22.5
19.5 -5.5
19.5 -5
19.5 -4.5
19.5 -4
19.5 -3.5
19.5 -3
19.5 -2.5
19.5 9
19.5 9.5
19.5 10
19.5 10.5
19.5 11
19.5 11.5
19.5 12
19.5 12.5
19.5 13
19.5 13.5
19.5 14
19.5 14.5
20 -50
20 -49.5
20 -49
20 -48.5
20 -48
20 -47.5
20 -47
20 -46.5
20 -46
20 -45.5
20 -45
20 -44.5
20 -44
20 -43.5
20 -26.5
20 -26
20 -25.5
20 -25
20 -24.5
20 -24
20 -23.5
20 -23
20 -22.5
20 -5.5
20 -5
20 -4.5
20 -4
20 -3.5
20 -3
20 -2.5
20 9
20 9.5
20 10
20 10.5
20 11
20 11.5
20 12
20 12.5
20 13
20 13.5
20 14
20 14.5
20.5 -50
20.5 -49.5
20.5 -49
20.5 -48.5
20.5 -48
20.5 -47.5
20.5 -47
20.5 -46.5
20.5 -46
20.5 -45.5
20.5 -45
20.5 -44.5
20.5 -44
20.5 -43.5
20.5 -26.5
20.5 -26
20.5 -25.5
20.5 -25
20.5 -24.5
20.5 -24
20.5 -23.5
20.5 -23
20.5 -22.5
20.5 -5.5
20.5 -5
20.5 -4.5
20.5 -4
20.5 -3.5
20.5 -3
20.5 -2.5
20.5 -2
20.5 9
20.5 9.5
20.5 10
20.5 10.5
20.5 11
20.5 11.5
20.5 12
20.5 12.5
20.5 13
20.5 13.5
20.5 14
20.5 14.5
21 -50
21 -49.5
21 -49
21 -48.5
21 -48
21 -47.5
21 -47
21 -46.5
21 -46
21 -45.5
21 -45
21 -44.5
21 -44
21 -43.5
21 -26.5
21 -26
21 -25.5
21 -25
21 -24.5
21 -24
21 -23.5
21 -23
21 -22.5
21 -5.5
21 -5
21 -4.5
21 -4
21 -3.5
21 -3
21 -2.5
21 -2
21 9
21 9.5
21 10
21 10.5
21 11
21 11.5
21 12
21 12.5
21 13
21 13.5
21 14
21 14.5
21.5 -50
21.5 -49.5
21.5 -49
21.5 -48.5
21.5 -48
21.5 -47.5
21.5 -47
21.5 -46.5
21.5 -46
21.5 -45.5
21.5 -45
21.5 -44.5
21.5 -44
21.5 -43.5
21.5 -26.5
21.5 -26
21.5 -25.5
21.5 -25
21.5 -24.5
21.5 -24
21.5 -23.5
21.5 -23
21.5 -22.5
21.5 -5.5
21.5 -5
21.5 -4.5
21.5 -4
21.5 -3.5
21.5 -3
21.5 -2.5
21.5 -2
21.5 9
21.5 9.5
21.5 10
21.5 10.5
21.5 11
21.5 11.5
21.5 12
21.5 12.5
21.5 13
21.5 13.5
21.5 14
21.5 14.5
22 -50
22 -49.5
22 -49
22 -48.5
22 -48
22 -47.5
22 -47
22 -46.5
22 -46
22 -45.5
22 -45
22 -44.5
22 -44
22 -43.5
22 -26.5
22 -26
22 -25.5
22 -25
22 -24.5
22 -24
22 -23.5
22 -23
22 -22.5
22 -5.5
22 -5
22 -4.5
22 -4
22 -3.5
22 -3
22 -2.5
22 -2
22 9
22 9.5
22 10
22 10.5
22 11
22 11.5
22 12
22 12.5
22 13
22 13.5
22 14
22 14.5
22.5 -50
22.5 -49.5
22.5 -49
22.5 -48.5
22.5 -48
22.5 -47.5
22.5 -47
22.5 -46.5
22.5 -46
22.5 -45.5
22.5 -45
22.5 -44.5
22.5 -44
22.5 -43.5
22.5 -26.5
22.5 -26
22.5 -25.5
22.5 -25
22.5 -24.5
22.5 -24
22.5 -23.5
22.5 -23
22.5 -22.5
22.5 -5.5
22.5 -5
22.5 -4.5
22.5 -4
22.5 -3.5
22.5 -3
22.5 -2.5
22.5 -2
22.5 9
22.5 9.5
22.5 10
22.5 10.5
22.5 11
22.5 11.5
22.5 12
22.5 12.5
22.5 13
22.5 13.5
22.5 14
22.5 14.5
23 -50
23 -49.5
23 -49
23 -48.5
23 -48
23 -47.5
23 -47
23 -46.5
23 -46
23 -45.5
23 -45
23 -44.5
23 -44
23 -43.5
23 -26.5
23 -26
23 -25.5
23 -25
23 -24.5
23 -24
23 -23.5
23 -23
23 -22.5
23 -5.5
23 -5
23 -4.5
23 -4
23 -3.5
23 -3
23 -2.5
23 -2
23 -1.5
23 9
23 9.5
23 10
23 10.5
23 11
23 11.5
23 12
23 12.5
23 13
23 13.5
23 14
23 14.5
23.5 -50
23.5 -49.5
23.5 -49
23.5 -48.5
23.5 -48
23.5 -47.5
23.5 -47
23.5 -46.5
23.5 -46
23.5 -45.5
23.5 -45
23.5 -44.5
23.5 -44
23.5 -43.5
23.5 -26.5
23.5 -26
23.5 -25.5
23.5 -25
23.5 -24.5
23.5 -24
23.5 -23.5
23.5 -23
23.5 -22.5
23.5 -5.5
23.5 -5
23.5 -4.5
23.5 -4
23.5 -3.5
23.5 -3
23.5 -2.5
23.5 -2
23.5 -1.5
23.5 9
23.5 9.5
23.5 10
23.5 10.5
23.5 11
23.5 11.5
23.5 12
23.5 12.5
23.5 13
23.5 13.5
23.5 14
23.5 14.5
24 -50
24 -49.5
24 -49
24 -48.5
24 -48
24 -47.5
24 -47
24 -46.5
24 -46
24 -45.5
24 -45
24 -44.5
24 -44
24 -43.5
24 -26.5
24 -26
24 -25.5
24 -25
24 -24.5
24 -24
24 -23.5
24 -23
24 -22.5
24 -5.5
24 -5
24 -4.5
24 -4
24 -3.5
24 -3
24 -2.5
24 -2
24 -1.5
24 9
24 9.5
24 10
24 10.5
24 11
24 11.5
24 12
24 12.5
24 13
24 13.5
24 14
24 14.5
24.5 -50
24.5 -49.5
24.5 -49
24.5 -48.5
24.5 -48
24.5 -47.5
24.5 -47
24.5 -46.5
24.5 -46
24.5 -45.5
24.5 -45
24.5 -44.5
24.5 -44
24.5 -43.5
24.5 -26.5
24.5 -26
24.5 -25.5
24.5 -25
24.5 -24.5
24.5 -24
24.5 -23.5
24.5 -23
24.5 -22.5
24.5 -5.5
24.5 -5
24.5 -4.5
24.5 -4
24.5 -3.5
24.5 -3
24.5 -2.5
24.5 -2
24.5 -1.5
24.5 9
24.5 9.5
24.5 10
24.5 10.5
24.5 11
24.5 11.5
24.5 12
24.5 12.5
24.5 13
24.5 13.5
24.5 14
24.5 14.5
25 -50
25 -49.5
25 -49
25 -48.5
25 -48
25 -47.5
25 -47
25 -46.5
25 -46
25 -45.5
25 -45
25 -44.5
25 -44
25 -43.5
25 -26.5
25 -26
25 -25.5
25 -25
25 -24.5
25 -24
25 -23.5
25 -23
25 -22.5
25 -5.5
25 -5
25 -4.5
25 -4
25 -3.5
25 -3
25 -2.5
25 -2
25 -1.5
25 -1
25 9
25 9.5
25 10
25 10.5
25 11
25 11.5
25 12
25 12.5
25 13
25 13.5
25 14
25 14.5
25.5 -50
25.5 -49.5
25.5 -49
25.5 -48.5
25.5 -48
25.5 -47.5
25.5 -47
25.5 -46.5
25.5 -46
25.5 -45.5
25.5 -45
25.5 -44.5
25.5 -44
25.5 -43.5
25.5 -26.5
25.5 -26
25.5 -25.5
25.5 -25
25.5 -24.5
25.5 -24
25.5 -23.5
25.5 -23
25.5 -22.5
25.5 -5.5
25.5 -5
25.5 -4.5
25.5 -4
25.5 -3.5
25.5 -3
25.5 -2.5
25.5 -2
25.5 -1.5
25.5 -1
25.5 9
25.5 9.5
25.5 10
25.5 10.5
25.5 11
25.5 11.5
25.5 12
25.5 12.5
25.5 13
25.5 13.5
25.5 14
25.5 14.5
26 -50
26 -49.5
26 -49
26 -48.5
26 -48
26 -47.5
26 -47
26 -46.5
26 -46
26 -45.5
26 -45
26 -44.5
26 -44
26 -43.5
26 -26.5
26 -26
26 -25.5
26 -25
26 -24.5
26 -24
26 -23.5
26 -23
26 -22.5
26 -5.5
26 -5
26 -4.5
26 -4
26 -3.5
26 -3
26 -2.5
26 -2
26 -1.5
26 -1
26 9
26 9.5
26 10
26 10.5
26 11
26 11.5
26 12
26 12.5
26 13
26 13.5
26 14
26 14.5
26.5 -50
26.5 -49.5
26.5 -49
26.5 -48.5
26.5 -48
26.5 -47.5
26.5 -47
26.5 -46.5
26.5 -46
26.5 -45.5
26.5 -45
26.5 -44.5
26.5 -44
26.5 -43.5
26.5 -26.5
26.5 -26
26.5 -25.5
26.5 -25
26.5 -24.5
26.5 -24
26.5 -23.5
26.5 -23
26.5 -22.5
26.5 -5.5
26.5 -5
26.5 -4.5
26.5 -4
26.5 -3.5
26.5 -3
26.5 -2.5
26.5 -2
26.5 -1.5
26.5 -1
26.5 9
26.5 9.5
26.5 10
26.5 10.5
26.5 11
26.5 11.5
26.5 12
26.5 12.5
26.5 13
26.5 13.5
26.5 14
26.5 14.5
27 -50
27 -49.5
27 -49
27 -48.5
27 -48
27 -47.5
27 -47
27 -46.5
27 -46
27 -45.5
27 -45
27 -44.5
27 -44
27 -43.5
27 -26.5
27 -26
27 -25.5
27 -25
27 -24.5
27 -24
27 -23.5
27 -23
27 -22.5
27 -5.5
27 -5
27 -4.5
27 -4
27 -3.5
27 -3
27 -2.5
27 -2
27 -1.5
27 -1
27 9
27 9.5
27 10
27 10.5
27 11
27 11.5
27 12
27 12.5
27 13
27 13.5
27 14
27 14.5
27.5 -50
27.5 -49.5
27.5 -49
27.5 -48.5
27.5 -48
27.5 -47.5
27.5 -47
27.5 -46.5
27.5 -46
27.5 -45.5
27.5 -45
27.5 -44.5
27.5 -44
27.5 -43.5
27.5 -26.5
27.5 -26
27.5 -25.5
27.5 -25
27.5 -24.5
27.5 -24
27.5 -23.5
27.5 -23
27.5 -22.5
27.5 -5.5
27.5 -5
27.5 -4.5
27.5 -4
27.5 -3.5
27.5 -3
27.5 -2.5
27.5 -2
27.5 -1.5
27.5 -1
27.5 -0.5
27.5 9
27.5 9.5
27.5 10
27.5 10.5
27.5 11
27.5 11.5
27.5 12
27.5 12.5
27.5 13
27.5 13.5
27.5 14
27.5 14.5
28 -50
28 -49.5
28 -49
28 -48.5
28 -48
28 -47.5
28 -47
28 -46.5
28 -46
28 -45.5
28 -45
28 -44.5
28 -44
28 -43.5
28 -26.5
28 -26
28 -25.5
28 -25
28 -24.5
28 -24
28 -23.5
28 -23
28 -22.5
28 -5.5
28 -5
28 -4.5
28 -4
28 -3.5
28 -3
28 -2.5
28 -2
28 -1.5
28 -1
28 -0.5
28 9
28 9.5
28 10
28 10.5
28 11
28 11.5
28 12
28 12.5
28 13
28 13.5
28 14
28 14.5
28.5 -50
28.5 -49.5
28.5 -49
28.5 -48.5
28.5 -48
28.5 -47.5
28.5 -47
28.5 -46.5
28.5 -46
28.5 -45.5
28.5 -45
28.5 -44.5
28.5 -44
28.5 -43.5
28.5 -26.5
28.5 -26
28.5 -25.5
28.5 -25
28.5 -24.5
28.5 -24
28.5 -23.5
28.5 -23
28.5 -22.5
28.5 -5.5
28.5 -5
28.5 -4.5
28.5 -4
28.5 -3.5
28.5 -3
28.5 -2.5
28.5 -2
28.5 -1.5
28.5 -1
28.5 -0.5
28.5 9
28.5 9.5
28.5 10
28.5 10.5
28.5 11
28.5 11.5
28.5 12
28.5 12.5
28.5 13
28.5 13.5
28.5 14
28.5 14.5
29 -50
29 -49.5
29 -49
29 -48.5
29 -48
29 -47.5
29 -47
29 -46.5
29 -46
29 -45.5
29 -45
29 -44.5
29 -44
29 -43.5
29 -26.5
29 -26
29 -25.5
29 -25
29 -24.5
29 -24
29 -23.5
29 -23
29 -22.5
29 -5.5
29 -5
29 -4.5
29 -4
29 -3.5
29 -3
29 -2.5
29 -2
29 -1.5
29 -1
29 -0.5
29 9
29 9.5
29 10
29 10.5
29 11
29 11.5
29 12
29 12.5
29 13
29 13.5
29 14
29 14.5
29.5 -50
29.5 -49.5
29.5 -49
29.5 -48.5
29.5 -48
29.5 -47.5
29.5 -47
29.5 -46.5
29.5 -46
29.5 -45.5
29.5 -45
29.5 -44.5
29.5 -44
29.5 -43.5
29.5 -26.5
29.5 -26
29.5 -25.5
29.5 -25
29.5 -24.5
29.5 -24
29.5 -23.5
29.5 -23
29.5 -22.5
29.5 -5.5
29.5 -5
29.5 -4.5
29.5 -4
29.5 -3.5
29.5 -3
29.5 -2.5
29.5 -2
29.5 -1.5
29.5 -1
29.5 -0.5
29.5 0
29.5 9
29.5 9.5
29.5 10
29.5 10.5
29.5 11
29.5 11.5
29.5 12
29.5 12.5
29.5 13
29.5 13.5
29.5 14
29.5 14.5
30 -50
30 -49.5
30 -49
30 -48.5
30 -48
30 -47.5
30 -47
30 -46.5
30 -46
30 -45.5
30 -45
30 -44.5
30 -44
30 -43.5
30 -26.5
30 -26
30 -25.5
30 -25
30 -24.5
30 -24
30 -23.5
30 -23
30 -22.5
30 -5.5
30 -5
30 -4.5
30 -4
30 -3.5
30 -3
30 -2.5
30 -2
30 -1.5
30 -1
30 -0.5
30 0
30 9.5
30 10
30 10.5
30 11
30 11.5
30 12
30 12.5
30 13
30 13.5
30 14
30 14.5
30.5 -50
30.5 -49.5
30.5 -49
30.5 -48.5
30.5 -48
30.5 -47.5
30.5 -47
30.5 -46.5
30.5 -46
30.5 -45.5
30.5 -45
30.5 -44.5
30.5 -44
30.5 -43.5
30.5 -26.5
30.5 -26
30.5 -25.5
30.5 -25
30.5 -24.5
30.5 -24
30.5 -23.5
30.5 -23
30.5 -22.5
30.5 -5.5
30.5 -5
30.5 -4.5
30.5 -4
30.5 -3.5
30.5 -3
30.5 -2.5
30.5 -2
30.5 -1.5
30.5 -1
30.5 -0.5
30.5 0
30.5 9.5
30.5 10
30.5 10.5
30.5 11
30.5 11.5
30.5 12
30.5 12.5
30.5 13
30.5 13.5
30.5 14
30.5 14.5
31 -50
31 -49.5
31 -49
31 -48.5
31 -48
31 -47.5
31 -47
31 -46.5
31 -46
31 -45.5
31 -45
31 -44.5
31 -44
31 -43.5
31 -26.5
31 -26
31 -25.5
31 -25
31 -24.5
31 -24
31 -23.5
31 -23
31 -22.5
31 -5.5
31 -5
31 -4.5
31 -4
31 -3.5
31 -3
31 -2.5
31 -2
31 -1.5
31 -1
31 -0.5
31 0
31 9.5
31 10
31 10.5
31 11
31 11.5
31 12
31 12.5
31 13
31 13.5
31 14
31 14.5
31.5 -50
31.5 -49.5
31.5 -49
31.5 -48.5
31.5 -48
31.5 -47.5
31.5 -47
31.5 -46.5
31.5 -46
31.5 -45.5
31.5 -45
31.5 -44.5
31.5 -44
31.5 -43.5
31.5 -26.5
31.5 -26
31.5 -25.5
31.5 -25
31.5 -24.5
31.5 -24
31.5 -23.5
31.5 -23
31.5 -22.5
31.5 -5.5
31.5 -5
31.5 -4.5
31.5 -4
31.5 -3.5
31.5 -3
31.5 -2.5
31.5 -2
31.5 -1.5
31.5 -1
31.5 -0.5
31.5 0
31.5 9.5
31.5 10
31.5 10.5
31.5 11
31.5 11.5
31.5 12
31.5 12.5
31.5 13
31.5 13.5
31.5 14
31.5 14.5
32 -50
32 -49.5
32 -49
32 -48.5
32 -48
32 -47.5
32 -47
32 -46.5
32 -46
32 -45.5
32 -45
32 -44.5
32 -44
32 -43.5
32 -26.5
32 -26
32 -25.5
32 -25
32 -24.5
32 -24
32 -23.5
32 -23
32 -22.5
32 -5.5
32 -5
32 -4.5
32 -4
32 -3.5
32 -3
32 -2.5
32 -2
32 -1.5
32 -1
32 -0.5
32 0
32 0.5
32 9.5
32 10
32 10.5
32 11
32 11.5
32 12
32 12.5
32 13
32 13.5
32 14
32 14.5
32.5 -50
32.5 -49.5
32.5 -49
32.5 -48.5
32.5 -48
32.5 -47.5
32.5 -47
32.5 -46.5
32.5 -46
32.5 -45.5
32.5 -45
32.5 -44.5
32.5 -44
32.5 -43.5
32.5 -26.5
32.5 -26
32.5 -25.5
32.5 -25
32.5 -24.5
32.5 -24
32.5 -23.5
32.5 -23
32.5 -22.5
32.5 -5.5
32.5 -5
32.5 -4.5
32.5 -4
32.5 -3.5
32.5 -3
32.5 -2.5
32.5 -2
32.5 -1.5
32.5 -1
32.5 -0.5
32.5 0
32.5 0.5
32.5 9.5
32.5 10
32.5 10.5
32.5 11
32.5 11.5
32.5 12
32.5 12.5
32.5 13
32.5 13.5
32.5 14
32.5 14.5
33 -50
33 -49.5
33 -49
33 -48.5
33 -48
33 -47.5
33 -47
33 -46.5
33 -46
33 -45.5
33 -45
33 -44.5
33 -44
33 -43.5
33 -26.5
33 -26
33 -25.5
33 -25
33 -24.5
33 -24
33 -23.5
33 -23
33 -22.5
33 -5.5
33 -5
33 -4.5
33 -4
33 -3.5
33 -3
33 -2.5
33 -2
33 -1.5
33 -1
33 -0.5
33 0
33 0.5
33 9.5
33 10
33 10.5
33 11
33 11.5
33 12
33 12.5
33 13
33 13.5
33 14
33 14.5
33.5 -50
33.5 -49.5
33.5 -49
33.5 -48.5
33.5 -48
33.5 -47.5
33.5 -47
33.5 -46.5
33.5 -46
33.5 -45.5
33.5 -45
33.5 -44.5
33.5 -44
33.5 -43.5
33.5 -26.5
33.5 -26
33.5 -25.5
33.5 -25
33.5 -24.5
33.5 -24
33.5 -23.5
33.5 -23
33.5 -22.5
33.5 -5.5
33.5 -5
33.5 -4.5
33.5 -4
33.5 -3.5
33.5 -3
33.5 -2.5
33.5 -2
33.5 -1.5
33.5 -1
33.5 -0.5
33.5 0
33.5 0.5
33.5 9.5
33.5 10
33.5 10.5
33.5 11
33.5 11.5
33.5 12
33.5 12.5
33.5 13
33.5 13.5
33.5 14
33.5 14.5
34 -50
34 -49.5
34 -49
34 -48.5
34 -48
34 -47.5
34 -47
34 -46.5
34 -46
34 -45.5
34 -45
34 -44.5
34 -44
34 -43.5
34 -26.5
34 -26
34 -25.5
34 -25
34 -24.5
34 -24
34 -23.5
34 -23
34 -22.5
34 -5.5
34 -5
34 -4.5
34 -4
34 -3.5
34 -3
34 -2.5
34 -2
34 -1.5
34 -1
34 -0.5
34 0
34 0.5
34 9.5
34 10
34 10.5
34 11
34 11.5
34 12
34 12.5
34 13
34 13.5
34 14
34 14.5
34.5 -50
34.5 -49.5
34.5 -49
34.5 -48.5
34.5 -48
34.5 -47.5
34.5 -47
34.5 -46.5
34.5 -46
34.5 -45.5
34.5 -45
34.5 -44.5
34.5 -44
34.5 -43.5
34.5 -26.5
34.5 -26
34.5 -25.5
34.5 -25
34.5 -24.5
34.5 -24
34.5 -23.5
34.5 -23
34.5 -22.5
34.5 -5.5
34.5 -5
34.5 -4.5
34.5 -4
34.5 -3.5
34.5 -3
34.5 -2.5
34.5 -2
34.5 -1.5
34.5 -1
34.5 -0.5
34.5 0
34.5 0.5
34.5 1
34.5 9.5
34.5 10
34.5 10.5
34.5 11
34.5 11.5
34.5 12
34.5 12.5
34.5 13
34.5 13.5
34.5 14
34.5 14.5
35 -50
35 -49.5
35 -49
35 -48.5
35 -48
35 -47.5
35 -47
35 -46.5
35 -46
35 -45.5
35 -45
35 -44.5
35 -44
35 -43.5
35 -26.5
35 -26
35 -25.5
35 -25
35 -24.5
35 -24
35 -23.5
35 -23
35 -22.5
35 -5.5
35 -5
35 -4.5
35 -4
35 -3.5
35 -3
35 -2.5
35 -2
35 -1.5
35 -1
35 -0.5
35 0
35 0.5
35 1
35 9.5
35 10
35 10.5
35 11
35 11.5
35 12
35 12.5
35 13
35 13.5
35 14
35 14.5
35.5 -50
35.5 -49.5
35.5 -49
35.5 -48.5
35.5 -48
35.5 -47.5
35.5 -47
35.5 -46.5
35.5 -46
35.5 -45.5
35.5 -45
35.5 -44.5
35.5 -44
35.5 -43.5
35.5 -26.5
35.5 -26
35.5 -25.5
35.5 -25
35.5 -24.5
35.5 -24
35.5 -23.5
35.5 -23
35.5 -22.5
35.5 -5.5
35.5 -5
35.5 -4.5
35.5 -4
35.5 -3.5
35.5 -3
35.5 -2.5
35.5 -2
35.5 -1.5
35.5 -1
35.5 -0.5
35.5 0
35.5 0.5
35.5 1
35.5 9.5
35.5 10
35.5 10.5
35.5 11
35.5 11.5
35.5 12
35.5 12.5
35.5 13
35.5 13.5
35.5 14
35.5 14.5
36 -50
36 -49.5
36 -49
36 -48.5
36 -48
36 -47.5
36 -47
36 -46.5
36 -46
36 -45.5
36 -45
36 -44.5
36 -44
36 -43.5
36 -26.5
36 -26
36 -25.5
36 -25
36 -24.5
36 -24
36 -23.5
36 -23
36 -22.5
36 -5.5
36 -5
36 -4.5
36 -4
36 -3.5
36 -3
36 -2.5
36 -2
36 -1.5
36 -1
36 -0.5
36 0
36 0.5
36 1
36 9.5
36 10
36 10.5
36 11
36 11.5
36 12
36 12.5
36 13
36 13.5
36 14
36 14.5
36.5 -50
36.5 -49.5
36.5 -49
36.5 -48.5
36.5 -48
36.5 -47.5
36.5 -47
36.5 -46.5
36.5 -46
36.5 -45.5
36.5 -45
36.5 -44.5
36.5 -44
36.5 -43.5
36.5 -26.5
36.5 -26
36.5 -25.5
36.5 -25
36.5 -24.5
36.5 -24
36.5 -23.5
36.5 -23
36.5 -22.5
36.5 -5.5
36.5 -5
36.5 -4.5
36.5 -4
36.5 -3.5
36.5 -3
36.5 -2.5
36.5 -2
36.5 -1.5
36.5 -1
36.5 -0.5
36.5 0
36.5 0.5
36.5 1
36.5 10
36.5 10.5
36.5 11
36.5 11.5
36.5 12
36.5 12.5
36.5 13
36.5 13.5
36.5 14
36.5 14.5
37 -50
37 -49.5
37 -49
37 -48.5
37 -48
37 -47.5
37 -47
37 -46.5
37 -46
37 -45.5
37 -45
37 -44.5
37 -44
37 -43.5
37 -26.5
37 -26
37 -25.5
37 -25
37 -24.5
37 -24
37 -23.5
37 -23
37 -22.5
37 -5.5
37 -5
37 -4.5
37 -4
37 -3.5
37 -3
37 -2.5
37 -2
37 -1.5
37 -1
37 -0.5
37 0
37 0.5
37 1
37 10
37 10.5
37 11
37 11.5
37 12
37 12.5
37 13
37 13.5
37 14
37 14.5
37.5 -50
37.5 -49.5
37.5 -49
37.5 -48.5
37.5 -48
37.5 -47.5
37.5 -47
37.5 -46.5
37.5 -46
37.5 -45.5
37.5 -45
37.5 -44.5
37.5 -44
37.5 -43.5
37.5 -26.5
37.5 -26
37.5 -25.5
37.5 -25
37.5 -24.5
37.5 -24
37.5 -23.5
37.5 -23
37.5 -22.5
37.5 -5.5
37.5 -5
37.5 -4.5
37.5 -4
37.5 -3.5
37.5 -3
37.5 -2.5
37.5 -2
37.5 -1.5
37.5 -1
37.5 -0.5
37.5 0
37.5 0.5
37.5 1
37.5 1.5
37.5 10
37.5 10.5
37.5 11
37.5 11.5
37.5 12
37.5 12.5
37.5 13
37.5 13.5
37.5 14
37.5 14.5
38 -50
38 -49.5
38 -49
38 -48.5
38 -48
38 -47.5
38 -47
38 -46.5
38 -46
38 -45.5
38 -45
38 -44.5
38 -44
38 -43.5
38 -26.5
38 -26
38 -25.5
38 -25
38 -24.5
38 -24
38 -23.5
38 -23
38 -22.5
38 -5.5
38 -5
38 -4.5
38 -4
38 -3.5
38 -3
38 -2.5
38 -2
38 -1.5
38 -1
38 -0.5
38 0
38 0.5
38 1
38 1.5
38 10
38 10.5
38 11
38 11.5
38 12
38 12.5
38 13
38 13.5
38 14
38 14.5
38.5 -50
38.5 -49.5
38.5 -49
38.5 -48.5
38.5 -48
38.5 -47.5
38.5 -47
38.5 -46.5
38.5 -46
38.5 -45.5
38.5 -45
38.5 -44.5
38.5 -44
38.5 -43.5
38.5 -26.5
38.5 -26
38.5 -25.5
38.5 -25
38.5 -24.5
38.5 -24
38.5 -23.5
38.5 -23
38.5 -22.5
38.5 -5.5
38.5 -5
38.5 -4.5
38.5 -4
38.5 -3.5
38.5 -3
38.5 -2.5
38.5 -2
38.5 -1.5
38.5 -1
38.5 -0.5
38.5 0
38.5 0.5
38.5 1
38.5 1.5
38.5 10
38.5 10.5
38.5 11
38.5 11.5
38.5 12
38.5 12.5
38.5 13
38.5 13.5
38.5 14
38.5 14.5
39 -50
39 -49.5
39 -49
39 -48.5
39 -48
39 -47.5
39 -47
39 -46.5
39 -46
39 -45.5
39 -45
39 -44.5
39 -44
39 -43.5
39 -26.5
39 -26
39 -25.5
39 -25
39 -24.5
39 -24
39 -23.5
39 -23
39 -22.5
39 -5.5
39 -5
39 -4.5
39 -4
39 -3.5
39 -3
39 -2.5
39 -2
39 -1.5
39 -1
39 -0.5
39 0
39 0.5
39 1
39 1.5
39 10
39 10.5
39 11
39 11.5
39 12
39 12.5
39 13
39 13.5
39 14
39 14.5
39.5 -50
39.5 -49.5
39.5 -49
39.5 -48.5
39.5 -48
39.5 -47.5
39.5 -47
39.5 -46.5
39.5 -46
39.5 -45.5
39.5 -45
39.5 -44.5
39.5 -44
39.5 -43.5
39.5 -26.5
39.5 -26
39.5 -25.5
39.5 -25
39.5 -24.5
39.5 -24
39.5 -23.5
39.5 -23
39.5 -22.5
39.5 -5.5
39.5 -5
39.5 -4.5
39.5 -4
39.5 -3.5
39.5 -3
39.5 -2.5
39.5 -2
39.5 -1.5
39.5 -1
39.5 -0.5
39.5 0
39.5 0.5
39.5 1
39.5 1.5
39.5 10
39.5 10.5
39.5 11
39.5 11.5
39.5 12
39.5 12.5
39.5 13
39.5 13.5
39.5 14
39.5 14.5
40 -50
40 -49.5
40 -49
40 -48.5
40 -48
40 -47.5
40 -47
40 -46.5
40 -46
40 -45.5
40 -45
40 -44.5
40 -44
40 -43.5
40 -26.5
40 -26
40 -25.5
40 -25
40 -24.5
40 -24
40 -23.5
40 -23
40 -22.5
40 -5.5
40 -5
40 -4.5
40 -4
40 -3.5
40 -3
40 -2.5
40 -2
40 -1.5
40 -1
40 -0.5
40 0
40 0.5
40 1
40 1.5
40 10
40 10.5
40 11
40 11.5
40 12
40 12.5
40 13
40 13.5
40 14
40 14.5
40.5 -50
40.5 -49.5
40.5 -49
40.5 -48.5
40.5 -48
40.5 -47.5
40.5 -47
40.5 -46.5
40.5 -46
40.5 -45.5
40.5 -45
40.5 -44.5
40.5 -44
40.5 -43.5
40.5 -26.5
40.5 -26
40.5 -25.5
40.5 -25
40.5 -24.5
40.5 -24
40.5 -23.5
40.5 -23
40.5 -22.5
40.5 -5.5
40.5 -5
40.5 -4.5
40.5 -4
40.5 -3.5
40.5 -3
40.5 -2.5
40.5 -2
40.5 -1.5
40.5 -1
40.5 -0.5
40.5 0
40.5 0.5
40.5 1
40.5 1.5
40.5 10
40.5 10.5
40.5 11
40.5 11.5
40.5 12
40.5 12.5
40.5 13
40.5 13.5
40.5 14
40.5 14.5
41 -50
41 -49.5
41 -49
41 -48.5
41 -48
41 -47.5
41 -47
41 -46.5
41 -46
41 -45.5
41 -45
41 -44.5
41 -44
41 -43.5
41 -26.5
41 -26
41 -25.5
41 -25
41 -24.5
41 -24
41 -23.5
41 -23
41 -22.5
41 -5.5
41 -5
41 -4.5
41 -4
41 -3.5
41 -3
41 -2.5
41 -2
41 -1.5
41 -1
41 -0.5
41 0
41 0.5
41 1
41 1.5
41 10
41 10.5
41 11
41 11.5
41 12
41 12.5
41 13
41 13.5
41 14
41 14.5
41.5 -50
41.5 -49.5
41.5 -49
41.5 -48.5
41.5 -48
41.5 -47.5
41.5 -47
41.5 -46.5
41.5 -46
41.5 -45.5
41.5 -45
41.5 -44.5
41.5 -44
41.5 -43.5
41.5 -26.5
41.5 -26
41.5 -25.5
41.5 -25
41.5 -24.5
41.5 -24
41.5 -23.5
41.5 -23
41.5 -22.5
41.5 -5.5
41.5 -5
41.5 -4.5
41.5 -4
41.5 -3.5
41.5 -3
41.5 -2.5
41.5 -2
41.5 -1.5
41.5 -1
41.5 -0.5
41.5 0
41.5 0.5
41.5 1
41.5 1.5
41.5 10
41.5 10.5
41.5 11
41.5 11.5
41.5 12
41.5 12.5
41.5 13
41.5 13.5
41.5 14
41.5 14.5
42 -50
42 -49.5
42 -49
42 -48.5
42 -48
42 -47.5
42 -47
42 -46.5
42 -46
42 -45.5
42 -45
42 -44.5
42 -44
42 -43.5
42 -26.5
42 -26
42 -25.5
42 -25
42 -24.5
42 -24
42 -23.5
42 -23
42 -22.5
42 -5.5
42 -5
42 -4.5
42 -4
42 -3.5
42 -3
42 -2.5
42 -2
42 -1.5
42 -1
42 -0.5
42 0
42 0.5
42 1
42 1.5
42 10
42 10.5
42 11
42 11.5
42 12
42 12.5
42 13
42 13.5
42 14
42 14.5
42.5 -50
42.5 -49.5
42.5 -49
42.5 -48.5
42.5 -48
42.5 -47.5
42.5 -47
42.5 -46.5
42.5 -46
42.5 -45.5
42.5 -45
42.5 -44.5
42.5 -44
42.5 -43.5
42.5 -26.5
42.5 -26
42.5 -25.5
42.5 -25
42.5 -24.5
42.5 -24
42.5 -23.5
42.5 -23
42.5 -22.5
42.5 -5.5
42.5 -5
42.5 -4.5
42.5 -4
42.5 -3.5
42.5 -3
42.5 -2.5
42.5 -2
42.5 -1.5
42.5 -1
42.5 -0.5
42.5 0
42.5 0.5
42.5 1
42.5 1.5
42.5 10
42.5 10.5
42.5 11
42.5 11.5
42.5 12
42.5 12.5
42.5 13
42.5 13.5
42.5 14
42.5 14.5
43 -50
43 -49.5
43 -49
43 -48.5
43 -48
43 -47.5
43 -47
43 -46.5
43 -46
43 -45.5
43 -45
43 -44.5
43 -44
43 -43.5
43 -26.5
43 -26
43 -25.5
43 -25
43 -24.5
43 -24
43 -23.5
43 -23
43 -22.5
43 -5.5
43 -5
43 -4.5
43 -4
43 -3.5
43 -3
43 -2.5
43 -2
43 -1.5
43 -1
43 -0.5
43 0
43 0.5
43 1
43 1.5
43 2
43 10.5
43 11
43 11.5
43 12
43 12.5
43 13
43 13.5
43 14
43 14.5
43.5 -50
43.5 -49.5
43.5 -49
43.5 -48.5
43.5 -48
43.5 -47.5
43.5 -47
43.5 -46.5
43.5 -46
43.5 -45.5
43.5 -45
43.5 -44.5
43.5 -44
43.5 -43.5
43.5 -26.5
43.5 -26
43.5 -25.5
43.5 -25
43.5 -24.5
43.5 -24
43.5 -23.5
43.5 -23
43.5 -22.5
43.5 -5.5
43.5 -5
43.5 -4.5
43.5 -4
43.5 -3.5
43.5 -3
43.5 -2.5
43.5 -2
43.5 -1.5
43.5 -1
43.5 -0.5
43.5 0
43.5 0.5
43.5 1
43.5 1.5
43.5 2
43.5 10.5
43.5 11
43.5 11.5
43.5 12
43.5 12.5
43.5 13
43.5 13.5
43.5 14
43.5 14.5
44 -50
44 -49.5
44 -49
44 -48.5
44 -48
44 -47.5
44 -47
44 -46.5
44 -46
44 -45.5
44 -45
44 -44.5
44 -44
44 -43.5
44 -26.5
44 -26
44 -25.5
44 -25
44 -24.5
44 -24
44 -23.5
44 -23
44 -22.5
44 -5.5
44 -5
44 -4.5
44 -4
44 -3.5
44 -3
44 -2.5
44 -2
44 -1.5
44 -1
44 -0.5
44 0
44 0.5
44 1
44 1.5
44 2
44 10.5
44 11
44 11.5
44 12
44 12.5
44 13
44 13.5
44 14
44 14.5
44.5 -50
44.5 -49.5
44.5 -49
44.5 -48.5
44.5 -48
44.5 -47.5
44.5 -47
44.5 -46.5
44.5 -46
44.5 -45.5
44.5 -45
44.5 -44.5
44.5 -44
44.5 -43.5
44.5 -26.5
44.5 -26
44.5 -25.5
44.5 -25
44.5 -24.5
44.5 -24
44.5 -23.5
44.5 -23
44.5 -22.5
44.5 -5.5
44.5 -5
44.5 -4.5
44.5 -4
44.5 -3.5
44.5 -3
44.5 -2.5
44.5 -2
44.5 -1.5
44.5 -1
44.5 -0.5
44.5 0
44.5 0.5
44.5 1
44.5 1.5
44.5 2
44.5 10.5
44.5 11
44.5 11.5
44.5 12
44.5 12.5
44.5 13
44.5 13.5
44.5 14
44.5 14.5
45 -50
45 -49.5
45 -49
45 -48.5
45 -48
45 -47.5
45 -47
45 -46.5
45 -46
45 -45.5
45 -45
45 -44.5
45 -44
45 -43.5
45 -26.5
45 -26
45 -25.5
45 -25
45 -24.5
45 -24
45 -23.5
45 -23
45 -22.5
45 -5.5
45 -5
45 -4.5
45 -4
45 -3.5
45 -3
45 -2.5
45 -2
45 -1.5
45 -1
45 -0.5
45 0
45 0.5
45 1
45 1.5
45 2
45 10.5
45 11
45 11.5
45 12
45 12.5
45 13
45 13.5
45 14
45 14.5
45.5 -50
45.5 -49.5
45.5 -49
45.5 -48.5
45.5 -48
45.5 -47.5
45.5 -47
45.5 -46.5
45.5 -46
45.5 -45.5
45.5 -45
45.5 -44.5
45.5 -44
45.5 -43.5
45.5 -26.5
45.5 -26
45.5 -25.5
45.5 -25
45.5 -24.5
45.5 -24
45.5 -23.5
45.5 -23
45.5 -22.5
45.5 -5.5
45.5 -5
45.5 -4.5
45.5 -4
45.5 -3.5
45.5 -3
45.5 -2.5
45.5 -2
45.5 -1.5
45.5 -1
45.5 -0.5
45.5 0
45.5 0.5
45.5 1
45.5 1.5
45.5 2
45.5 10.5
45.5 11
45.5 11.5
45.5 12
45.5 12.5
45.5 13
45.5 13.5
45.5 14
45.5 14.5
46 -50
46 -49.5
46 -49
46 -48.5
46 -48
46 -47.5
46 -47
46 -46.5
46 -46
46 -45.5
46 -45
46 -44.5
46 -44
46 -43.5
46 -26.5
46 -26
46 -25.5
46 -25
46 -24.5
46 -24
46 -23.5
46 -23
46 -22.5
46 -5.5
46 -5
46 -4.5
46 -4
46 -3.5
46 -3
46 -2.5
46 -2
46 -1.5
46 -1
46 -0.5
46 0
46 0.5
46 1
46 1.5
46 2
46 10.5
46 11
46 11.5
46 12
46 12.5
46 13
46 13.5
46 14
46 14.5
46.5 -50
46.5 -49.5
46.5 -49
46.5 -48.5
46.5 -48
46.5 -47.5
46.5 -47
46.5 -46.5
46.5 -46
46.5 -45.5
46.5 -45
46.5 -44.5
46.5 -44
46.5 -43.5
46.5 -26.5
46.5 -26
46.5 -25.5
46.5 -25
46.5 -24.5
46.5 -24
46.5 -23.5
46.5 -23
46.5 -22.5
46.5 -5.5
46.5 -5
46.5 -4.5
46.5 -4
46.5 -3.5
46.5 -3
46.5 -2.5
46.5 -2
46.5 -1.5
46.5 -1
46.5 -0.5
46.5 0
46.5 0.5
46.5 1
46.5 1.5
46.5 2
46.5 10.5
46.5 11
46.5 11.5
46.5 12
46.5 12.5
46.5 13
46.5 13.5
46.5 14
46.5 14.5
47 -50
47 -49.5
47 -49
47 -48.5
47 -48
47 -47.5
47 -47
47 -46.5
47 -46
47 -45.5
47 -45
47 -44.5
47 -44
47 -43.5
47 -43
47 -42.5
47 -42
47 -41.5
47 -41
47 -40.5
47 -40
47 -39.5
47 -39
47 -38.5
47 -38
47 -37.5
47 -32.5
47 -32
47 -31.5
47 -31
47 -30.5
47 -30
47 -29.5
47 -29
47 -28.5
47 -28
47 -27.5
47 -27
47 -26.5
47 -26
47 -25.5
47 -25
47 -24.5
47 -24
47 -23.5
47 -23
47 -22.5
47 -22
47 -21.5
47 -21
47 -20.5
47 -20
47 -19.5
47 -19
47 -18.5
47 -18
47 -17.5
47 -17
47 -16.5
47 -11.5
47 -11
47 -10.5
47 -10
47 -9.5
47 -9
47 -8.5
47 -8
47 -7.5
47 -7
47 -6.5
47 -6
47 -5.5
47 -5
47 -4.5
47 -4
47 -3.5
47 -3
47 -2.5
47 -2
47 -1.5
47 -1
47 -0.5
47 0
47 0.5
47 1
47 1.5
47 2
47 10.5
47 11
47 11.5
47 12
47 12.5
47 13
47 13.5
47 14
47 14.5
47.5 -50
47.5 -49.5
47.5 -49
47.5 -48.5
47.5 -48
47.5 -47.5
47.5 -47
47.5 -46.5
47.5 -46
47.5 -45.5
47.5 -45
47.5 -44.5
47.5 -44
47.5 -43.5
47.5 -43
47.5 -42.5
47.5 -42
47.5 -41.5
47.5 -41
47.5 -40.5
47.5 -40
47.5 -39.5
47.5 -39
47.5 -38.5
47.5 -38
47.5 -37.5
47.5 -32.5
47.5 -32
47.5 -31.5
47.5 -31
47.5 -30.5
47.5 -30
47.5 -29.5
47.5 -29
47.5 -28.5
47.5 -28
47.5 -27.5
47.5 -27
47.5 -26.5
47.5 -26
47.5 -25.5
47.5 -25
47.5 -24.5
47.5 -24
47.5 -23.5
47.5 -23
47.5 -22.5
47.5 -22
47.5 -21.5
47.5 -21
47.5 -20.5
47.5 -20
47.5 -19.5
47.5 -19
47.5 -18.5
47.5 -18
47.5 -17.5
47.5 -17
47.5 -16.5
47.5 -11.5
47.5 -11
47.5 -10.5
47.5 -10
47.5 -9.5
47.5 -9
47.5 -8.5
47.5 -8
47.5 -7.5
47.5 -7
47.5 -6.5
47.5 -6
47.5 -5.5
47.5 -5
47.5 -4.5
47.5 -4
47.5 -3.5
47.5 -3
47.5 -2.5
47.5 -2
47.5 -1.5
47.5 -1
47.5 -0.5
47.5 0
47.5 0.5
47.5 1
47.5 1.5
47.5 2
47.5 10.5
47.5 11
47.5 11.5
47.5 12
47.5 12.5
47.5 13
47.5 13.5
47.5 14
47.5 14.5
48 -50
48 -49.5
48 -49
48 -48.5
48 -48
48 -47.5
48 -47
48 -46.5
48 -46
48 -45.5
48 -45
48 -44.5
48 -44
48 -43.5
48 -43
48 -42.5
48 -42
48 -41.5
48 -41
48 -40.5
48 -40
48 -39.5
48 -39
48 -38.5
48 -38
48 -37.5
48 -32
48 -31.5
48 -31
48 -30.5
48 -30
48 -29.5
48 -29
48 -28.5
48 -28
48 -27.5
48 -27
48 -26.5
48 -26
48 -25.5
48 -25
48 -24.5
48 -24
48 -23.5
48 -23
48 -22.5
48 -22
48 -21.5
48 -21
48 -20.5
48 -20
48 -19.5
48 -19
48 -18.5
48 -18
48 -17.5
48 -17
48 -11.5
48 -11
48 -10.5
48 -10
48 -9.5
48 -9
48 -8.5
48 -8
48 -7.5
48 -7
48 -6.5
48 -6
48 -5.5
48 -5
48 -4.5
48 -4
48 -3.5
48 -3
48 -2.5
48 -2
48 -1.5
48 -1
48 -0.5
48 0
48 0.5
48 1
48 1.5
48 2
48 10.5
48 11
48 11.5
48 12
48 12.5
48 13
48 13.5
48 14
48 14.5
48.5 -50
48.5 -49.5
48.5 -49
48.5 -48.5
48.5 -48
48.5 -47.5
48.5 -47
48.5 -46.5
48.5 -46
48.5 -45.5
48.5 -45
48.5 -44.5
48.5 -44
48.5 -43.5
48.5 -43
48.5 -42.5
48.5 -42
48.5 -41.5
48.5 -41
48.5 -40.5
48.5 -40
48.5 -39.5
48.5 -39
48.5 -38.5
48.5 -38
48.5 -37.5
48.5 -31.5
48.5 -31
48.5 -30.5
48.5 -30
48.5 -29.5
48.5 -29
48.5 -28.5
48.5 -28
48.5 -27.5
48.5 -27
48.5 -26.5
48.5 -26
48.5 -25.5
48.5 -25
48.5 -24.5
48.5 -24
48.5 -23.5
48.5 -23
48.5 -22.5
48.5 -22
48.5 -21.5
48.5 -21
48.5 -20.5
48.5 -20
48.5 -19.5
48.5 -19
48.5 -18.5
48.5 -18
48.5 -17.5
48.5 -11.5
48.5 -11
48.5 -10.5
48.5 -10
48.5 -9.5
48.5 -9
48.5 -8.5
48.5 -8
48.5 -7.5
48.5 -7
48.5 -6.5
48.5 -6
48.5 -5.5
48.5 -5
48.5 -4.5
48.5 -4
48.5 -3.5
48.5 -3
48.5 -2.5
48.5 -2
48.5 -1.5
48.5 -1
48.5 -0.5
48.5 0
48.5 0.5
48.5 1
48.5 1.5
48.5 2
48.5 10.5
48.5 11
48.5 11.5
48.5 12
48.5 12.5
48.5 13
48.5 13.5
48.5 14
48.5 14.5
49 -50
49 -49.5
49 -49
49 -48.5
49 -48
49 -47.5
49 -47
49 -46.5
49 -46
49 -45.5
49 -45
49 -44.5
49 -44
49 -43.5
49 -43
49 -42.5
49 -42
49 -41.5
49 -41
49 -40.5
49 -40
49 -39.5
49 -39
49 -38.5
49 -38
49 -37.5
49 -37
49 -12
49 -11.5
49 -11
49 -10.5
49 -10
49 -9.5
49 -9
49 -8.5
49 -8
49 -7.5
49 -7
49 -6.5
49 -6
49 -5.5
49 -5
49 -4.5
49 -4
49 -3.5
49 -3
49 -2.5
49 -2
49 -1.5
49 -1
49 -0.5
49 0
49 0.5
49 1
49 1.5
49 2
49 10.5
49 11
49 11.5
49 12
49 12.5
49 13
49 13.5
49 14
49 14.5
49.5 -50
49.5 -49.5
49.5 -49
49.5 -48.5
49.5 -48
49.5 -47.5
49.5 -47
49.5 -46.5
49.5 -46
49.5 -45.5
49.5 -45
49.5 -44.5
49.5 -44
49.5 -43.5
49.5 -43
49.5 -42.5
49.5 -42
49.5 -41.5
49.5 -41
49.5 -40.5
49.5 -40
49.5 -39.5
49.5 -39
49.5 -38.5
49.5 -38
49.5 -37.5
49.5 -37
49.5 -12
49.5 -11.5
49.5 -11
49.5 -10.5
49.5 -10
49.5 -9.5
49.5 -9
49.5 -8.5
49.5 -8
49.5 -7.5
49.5 -7
49.5 -6.5
49.5 -6
49.5 -5.5
49.5 -5
49.5 -4.5
49.5 -4
49.5 -3.5
49.5 -3
49.5 -2.5
49.5 -2
49.5 -1.5
49.5 -1
49.5 -0.5
49.5 0
49.5 0.5
49.5 1
49.5 1.5
49.5 2
49.5 10.5
49.5 11
49.5 11.5
49.5 12
49.5 12.5
49.5 13
49.5 13.5
49.5 14
49.5 14.5
50 -50
50 -49.5
50 -49
50 -48.5
50 -48
50 -47.5
50 -47
50 -46.5
50 -46
50 -45.5
50 -45
50 -44.5
50 -44
50 -43.5
50 -43
50 -42.5
50 -42
50 -41.5
50 -41
50 -40.5
50 -40
50 -39.5
50 -39
50 -38.5
50 -38
50 -37.5
50 -37
50 -36.5
50 -12.5
50 -12
50 -11.5
50 -11
50 -10.5
50 -10
50 -9.5
50 -9
50 -8.5
50 -8
50 -7.5
50 -7
50 -6.5
50 -6
50 -5.5
50 -5
50 -4.5
50 -4
50 -3.5
50 -3
50 -2.5
50 -2
50 -1.5
50 -1
50 -0.5
50 0
50 0.5
50 1
50 1.5
50 2
50 11
50 11.5
50 12
50 12.5
50 13
50 13.5
50 14
50 14.5
50.5 -50
50.5 -49.5
50.5 -49
50.5 -48.5
50.5 -48
50.5 -47.5
50.5 -47
50.5 -46.5
50.5 -46
50.5 -45.5
50.5 -45
50.5 -44.5
50.5 -44
50.5 -43.5
50.5 -43
50.5 -42.5
50.5 -42
50.5 -41.5
50.5 -41
50.5 -40.5
50.5 -40
50.5 -39.5
50.5 -39
50.5 -38.5
50.5 -38
50.5 -37.5
50.5 -37
50.5 -36.5
50.5 -12.5
50.5 -12
50.5 -11.5
50.5 -11
50.5 -10.5
50.5 -10
50.5 -9.5
50.5 -9
50.5 -8.5
50.5 -8
50.5 -7.5
50.5 -7
50.5 -6.5
50.5 -6
50.5 -5.5
50.5 -5
50.5 -4.5
50.5 -4
50.5 -3.5
50.5 -3
50.5 -2.5
50.5 -2
50.5 -1.5
50.5 -1
50.5 -0.5
50.5 0
50.5 0.5
50.5 1
50.5 1.5
50.5 2
50.5 2.5
50.5 11
50.5 11.5
50.5 12
50.5 12.5
50.5 13
50.5 13.5
50.5 14
50.5 14.5
51 -50
51 -49.5
51 -49
51 -48.5
51 -48
51 -47.5
51 -47
51 -46.5
51 -46
51 -45.5
51 -45
51 -44.5
51 -44
51 -43.5
51 -43
51 -42.5
51 -42
51 -41.5
51 -41
51 -40.5
51 -40
51 -39.5
51 -39
51 -38.5
51 -38
51 -37.5
51 -37
51 -36.5
51 -36
51 -13
51 -12.5
51 -12
51 -11.5
51 -11
51 -10.5
51 -10
51 -9.5
51 -9
51 -8.5
51 -8
51 -7.5
51 -7
51 -6.5
51 -6
51 -5.5
51 -5
51 -4.5
51 -4
51 -3.5
51 -3
51 -2.5
51 -2
51 -1.5
51 -1
51 -0.5
51 0
51 0.5
51 1
51 1.5
51 2
51 2.5
51 11
51 11.5
51 12
51 12.5
51 13
51 13.5
51 14
51 14.5
51.5 -50
51.5 -49.5
51.5 -49
51.5 -48.5
51.5 -48
51.5 -47.5
51.5 -47
51.5 -46.5
51.5 -46
51.5 -45.5
51.5 -45
51.5 -44.5
51.5 -44
51.5 -43.5
51.5 -43
51.5 -42.5
51.5 -42
51.5 -41.5
51.5 -41
51.5 -40.5
51.5 -40
51.5 -39.5
51.5 -39
51.5 -38.5
51.5 -38
51.5 -37.5
51.5 -37
51.5 -36.5
51.5 -36
51.5 -35.5
51.5 -13.5
51.5 -13
51.5 -12.5
51.5 -12
51.5 -11.5
51.5 -11
51.5 -10.5
51.5 -10
51.5 -9.5
51.5 -9
51.5 -8.5
51.5 -8
51.5 -7.5
51.5 -7
51.5 -6.5
51.5 -6
51.5 -5.5
51.5 -5
51.5 -4.5
51.5 -4
51.5 -3.5
51.5 -3
51.5 -2.5
51.5 -2
51.5 -1.5
51.5 -1
51.5 -0.5
51.5 0
51.5 0.5
51.5 1
51.5 1.5
51.5 2
51.5 2.5
51.5 11
51.5 11.5
51.5 12
51.5 12.5
51.5 13
51.5 13.5
51.5 14
51.5 14.5
52 -50
52 -49.5
52 -49
52 -48.5
52 -48
52 -47.5
52 -47
52 -46.5
52 -46
52 -45.5
52 -45
52 -44.5
52 -44
52 -43.5
52 -43
52 -42.5
52 -42
52 -41.5
52 -41
52 -40.5
52 -40
52 -39.5
52 -39
52 -38.5
52 -38
52 -37.5
52 -37
52 -36.5
52 -36
52 -35.5
52 -35
52 -14
52 -13.5
52 -13
52 -12.5
52 -12
52 -11.5
52 -11
52 -10.5
52 -10
52 -9.5
52 -9
52 -8.5
52 -8
52 -7.5
52 -7
52 -6.5
52 -6
52 -5.5
52 -5
52 -4.5
52 -4
52 -3.5
52 -3
52 -2.5
52 -2
52 -1.5
52 -1
52 -0.5
52 0
52 0.5
52 1
52 1.5
52 2
52 2.5
52 11
52 11.5
52 12
52 12.5
52 13
52 13.5
52 14
52 14.5
52.5 -50
52.5 -49.5
52.5 -49
52.5 -48.5
52.5 -48
52.5 -47.5
52.5 -47
52.5 -46.5
52.5 -46
52.5 -45.5
52.5 -45
52.5 -44.5
52.5 -44
52.5 -43.5
52.5 -43
52.5 -42.5
52.5 -42
52.5 -41.5
52.5 -41
52.5 -40.5
52.5 -40
52.5 -39.5
52.5 -39
52.5 -38.5
52.5 -38
52.5 -37.5
52.5 -37
52.5 -36.5
52.5 -36
52.5 -35.5
52.5 -35
52.5 -34.5
52.5 -34
52.5 -15
52.5 -14.5
52.5 -14
52.5 -13.5
52.5 -13
52.5 -12.5
52.5 -12
52.5 -11.5
52.5 -11
52.5 -10.5
52.5 -10
52.5 -9.5
52.5 -9
52.5 -8.5
52.5 -8
52.5 -7.5
52.5 -7
52.5 -6.5
52.5 -6
52.5 -5.5
52.5 -5
52.5 -4.5
52.5 -4
52.5 -3.5
52.5 -3
52.5 -2.5
52.5 -2
52.5 -1.5
52.5 -1
52.5 -0.5
52.5 0
52.5 0.5
52.5 1
52.5 1.5
52.5 2
52.5 2.5
52.5 11
52.5 11.5
52.5 12
52.5 12.5
52.5 13
52.5 13.5
52.5 14
52.5 14.5
53 -50
53 -49.5
53 -49
53 -48.5
53 -48
53 -47.5
53 -47
53 -46.5
53 -46
53 -45.5
53 -45
53 -44.5
53 -44
53 -43.5
53 -43
53 -42.5
53 -42
53 -41.5
53 -41
53 -40.5
53 -40
53 -39.5
53 -39
53 -38.5
53 -38
53 -37.5
53 -37
53 -36.5
53 -36
53 -35.5
53 -35
53 -34.5
53 -34
53 -33.5
53 -33
53 -16
53 -15.5
53 -15
53 -14.5
53 -14
53 -13.5
53 -13
53 -12.5
53 -12
53 -11.5
53 -11
53 -10.5
53 -10
53 -9.5
53 -9
53 -8.5
53 -8
53 -7.5
53 -7
53 -6.5
53 -6
53 -5.5
53 -5
53 -4.5
53 -4
53 -3.5
53 -3
53 -2.5
53 -2
53 -1.5
53 -1
53 -0.5
53 0
53 0.5
53 1
53 1.5
53 2
53 2.5
53 11
53 11.5
53 12
53 12.5
53 13
53 13.5
53 14
53 14.5
53.5 -50
53.5 -49.5
53.5 -49
53.5 -48.5
53.5 -48
53.5 -47.5
53.5 -47
53.5 -46.5
53.5 -46
53.5 -45.5
53.5 -45
53.5 -44.5
53.5 -44
53.5 -43.5
53.5 -43
53.5 -42.5
53.5 -42
53.5 -41.5
53.5 -41
53.5 -40.5
53.5 -40
53.5 -39.5
53.5 -39
53.5 -38.5
53.5 -38
53.5 -37.5
53.5 -37
53.5 -36.5
53.5 -36
53.5 -35.5
53.5 -35
53.5 -34.5
53.5 -34
53.5 -33.5
53.5 -33
53.5 -32.5
53.5 -32
53.5 -31.5
53.5 -31
53.5 -18.5
53.5 -18
53.5 -17.5
53.5 -17
53.5 -16.5
53.5 -16
53.5 -15.5
53.5 -15
53.5 -14.5
53.5 -14
53.5 -13.5
53.5 -13
53.5 -12.5
53.5 -12
53.5 -11.5
53.5 -11
53.5 -10.5
53.5 -10
53.5 -9.5
53.5 -9
53.5 -8.5
53.5 -8
53.5 -7.5
53.5 -7
53.5 -6.5
53.5 -6
53.5 -5.5
53.5 -5
53.5 -4.5
53.5 -4
53.5 -3.5
53.5 -3
53.5 -2.5
53.5 -2
53.5 -1.5
53.5 -1
53.5 -0.5
53.5 0
53.5 0.5
53.5 1
53.5 1.5
53.5 2
53.5 2.5
53.5 11
53.5 11.5
53.5 12
53.5 12.5
53.5 13
53.5 13.5
53.5 14
53.5 14.5
54 -50
54 -49.5
54 -49
54 -48.5
54 -48
54 -47.5
54 -47
54 -46.5
54 -46
54 -45.5
54 -45
54 -44.5
54 -44
54 -43.5
54 -43
54 -42.5
54 -42
54 -41.5
54 -41
54 -40.5
54 -40
54 -39.5
54 -39
54 -38.5
54 -38
54 -37.5
54 -37
54 -36.5
54 -36
54 -35.5
54 -35
54 -34.5
54 -34
54 -33.5
54 -33
54 -32.5
54 -32
54 -31.5
54 -31
54 -18.5
54 -18
54 -17.5
54 -17
54 -16.5
54 -16
54 -15.5
54 -15
54 -14.5
54 -14
54 -13.5
54 -13
54 -12.5
54 -12
54 -11.5
54 -11
54 -10.5
54 -10
54 -9.5
54 -9
54 -8.5
54 -8
54 -7.5
54 -7
54 -6.5
54 -6
54 -5.5
54 -5
54 -4.5
54 -4
54 -3.5
54 -3
54 -2.5
54 -2
54 -1.5
54 -1
54 -0.5
54 0
54 0.5
54 1
54 1.5
54 2
54 2.5
54 11
54 11.5
54 12
54 12.5
54 13
54 13.5
54 14
54 14.5
54.5 -50
54.5 -49.5
54.5 -49
54.5 -48.5
54.5 -48
54.5 -47.5
54.5 -47
54.5 -46.5
54.5 -46
54.5 -45.5
54.5 -45
54.5 -44.5
54.5 -44
54.5 -43.5
54.5 -43
54.5 -42.5
54.5 -42
54.5 -41.5
54.5 -41
54.5 -40.5
54.5 -40
54.5 -39.5
54.5 -39
54.5 -38.5
54.5 -38
54.5 -37.5
54.5 -37
54.5 -36.5
54.5 -36
54.5 -35.5
54.5 -35
54.5 -34.5
54.5 -34
54.5 -33.5
54.5 -33
54.5 -32.5
54.5 -32
54.5 -31.5
54.5 -31
54.5 -18.5
54.5 -18
54.5 -17.5
54.5 -17
54.5 -16.5
54.5 -16
54.5 -15.5
54.5 -15
54.5 -14.5
54.5 -14
54.5 -13.5
54.5 -13
54.5 -12.5
54.5 -12
54.5 -11.5
54.5 -11
54.5 -10.5
54.5 -10
54.5 -9.5
54.5 -9
54.5 -8.5
54.5 -8
54.5 -7.5
54.5 -7
54.5 -6.5
54.5 -6
54.5 -5.5
54.5 -5
54.5 -4.5
54.5 -4
54.5 -3.5
54.5 -3
54.5 -2.5
54.5 -2
54.5 -1.5
54.5 -1
54.5 -0.5
54.5 0
54.5 0.5
54.5 1
54.5 1.5
54.5 2
54.5 2.5
54.5 11
54.5 11.5
54.5 12
54.5 12.5
54.5 13
54.5 13.5
54.5 14
54.5 14.5
55 -50
55 -49.5
55 -49
55 -48.5
55 -48
55 -47.5
55 -47
55 -46.5
55 -46
55 -45.5
55 -45
55 -44.5
55 -44
55 -43.5
55 -43
55 -42.5
55 -42
55 -41.5
55 -41
55 -40.5
55 -40
55 -39.5
55 -39
55 -38.5
55 -38
55 -37.5
55 -37
55 -36.5
55 -36
55 -35.5
55 -35
55 -34.5
55 -34
55 -33.5
55 -33
55 -32.5
55 -32
55 -31.5
55 -31
55 -18.5
55 -18
55 -17.5
55 -17
55 -16.5
55 -16
55 -15.5
55 -15
55 -14.5
55 -14
55 -13.5
55 -13
55 -12.5
55 -12
55 -11.5
55 -11
55 -10.5
55 -10
55 -9.5
55 -9
55 -8.5
55 -8
55 -7.5
55 -7
55 -6.5
55 -6
55 -5.5
55 -5
55 -4.5
55 -4
55 -3.5
55 -3
55 -2.5
55 -2
55 -1.5
55 -1
55 -0.5
55 0
55 0.5
55 1
55 1.5
55 2
55 2.5
55 11
55 11.5
55 12
55 12.5
55 13
55 13.5
55 14
55 14.5
55.5 -50
55.5 -49.5
55.5 -49
55.5 -48.5
55.5 -48
55.5 -47.5
55.5 -47
55.5 -46.5
55.5 -46
55.5 -45.5
55.5 -45
55.5 -44.5
55.5 -44
55.5 -43.5
55.5 -43
55.5 -42.5
55.5 -42
55.5 -41.5
55.5 -41
55.5 -40.5
55.5 -40
55.5 -39.5
55.5 -39
55.5 -38.5
55.5 -38
55.5 -37.5
55.5 -37
55.5 -36.5
55.5 -36
55.5 -35.5
55.5 -35
55.5 -34.5
55.5 -34
55.5 -33.5
55.5 -33
55.5 -32.5
55.5 -32
55.5 -31.5
55.5 -31
55.5 -18.5
55.5 -18
55.5 -17.5
55.5 -17
55.5 -16.5
55.5 -16
55.5 -15.5
55.5 -15
55.5 -14.5
55.5 -14
55.5 -13.5
55.5 -13
55.5 -12.5
55.5 -12
55.5 -11.5
55.5 -11
55.5 -10.5
55.5 -10
55.5 -9.5
55.5 -9
55.5 -8.5
55.5 -8
55.5 -7.5
55.5 -7
55.5 -6.5
55.5 -6
55.5 -5.5
55.5 -5
55.5 -4.5
55.5 -4
55.5 -3.5
55.5 -3
55.5 -2.5
55.5 -2
55.5 -1.5
55.5 -1
55.5 -0.5
55.5 0
55.5 0.5
55.5 1
55.5 1.5
55.5 2
55.5 2.5
55.5 11
55.5 11.5
55.5 12
55.5 12.5
55.5 13
55.5 13.5
55.5 14
55.5 14.5
56 -50
56 -49.5
56 -49
56 -48.5
56 -48
56 -47.5
56 -47
56 -46.5
56 -46
56 -45.5
56 -45
56 -44.5
56 -44
56 -43.5
56 -43
56 -42.5
56 -42
56 -41.5
56 -41
56 -40.5
56 -40
56 -39.5
56 -39
56 -38.5
56 -38
56 -37.5
56 -37
56 -36.5
56 -36
56 -35.5
56 -35
56 -34.5
56 -34
56 -33.5
56 -33
56 -32.5
56 -32
56 -31.5
56 -31
56 -18.5
56 -18
56 -17.5
56 -17
56 -16.5
56 -16
56 -15.5
56 -15
56 -14.5
56 -14
56 -13.5
56 -13
56 -12.5
56 -12
56 -11.5
56 -11
56 -10.5
56 -10
56 -9.5
56 -9
56 -8.5
56 -8
56 -7.5
56 -7
56 -6.5
56 -6
56 -5.5
56 -5
56 -4.5
56 -4
56 -3.5
56 -3
56 -2.5
56 -2
56 -1.5
56 -1
56 -0.5
56 0
56 0.5
56 1
56 1.5
56 2
56 2.5
56 11
56 11.5
56 12
56 12.5
56 13
56 13.5
56 14
56 14.5
56.5 -50
56.5 -49.5
56.5 -49
56.5 -48.5
56.5 -48
56.5 -47.5
56.5 -47
56.5 -46.5
56.5 -46
56.5 -45.5
56.5 -45
56.5 -44.5
56.5 -44
56.5 -43.5
56.5 -43
56.5 -42.5
56.5 -42
56.5 -41.5
56.5 -41
56.5 -40.5
56.5 -40
56.5 -39.5
56.5 -39
56.5 -38.5
56.5 -38
56.5 -37.5
56.5 -37
56.5 -36.5
56.5 -36
56.5 -35.5
56.5 -35
56.5 -34.5
56.5 -34
56.5 -33.5
56.5 -33
56.5 -32.5
56.5 -32
56.5 -31.5
56.5 -31
56.5 -18.5
56.5 -18
56.5 -17.5
56.5 -17
56.5 -16.5
56.5 -16
56.5 -15.5
56.5 -15
56.5 -14.5
56.5 -14
56.5 -13.5
56.5 -13
56.5 -12.5
56.5 -12
56.5 -11.5
56.5 -11
56.5 -10.5
56.5 -10
56.5 -9.5
56.5 -9
56.5 -8.5
56.5 -8
56.5 -7.5
56.5 -7
56.5 -6.5
56.5 -6
56.5 -5.5
56.5 -5
56.5 -4.5
56.5 -4
56.5 -3.5
56.5 -3
56.5 -2.5
56.5 -2
56.5 -1.5
56.5 -1
56.5 -0.5
56.5 0
56.5 0.5
56.5 1
56.5 1.5
56.5 2
56.5 2.5
56.5 11
56.5 11.5
56.5 12
56.5 12.5
56.5 13
56.5 13.5
56.5 14
56.5 14.5
57 -50
57 -49.5
57 -49
57 -48.5
57 -48
57 -47.5
57 -47
57 -46.5
57 -46
57 -45.5
57 -45
57 -44.5
57 -44
57 -43.5
57 -43
57 -42.5
57 -42
57 -41.5
57 -41
57 -40.5
57 -40
57 -39.5
57 -39
57 -38.5
57 -38
57 -37.5
57 -37
57 -36.5
57 -36
57 -35.5
57 -35
57 -34.5
57 -34
57 -33.5
57 -33
57 -32.5
57 -32
57 -31.5
57 -31
57 -18.5
57 -18
57 -17.5
57 -17
57 -16.5
57 -16
57 -15.5
57 -15
57 -14.5
57 -14
57 -13.5
57 -13
57 -12.5
57 -12
57 -11.5
57 -11
57 -10.5
57 -10
57 -9.5
57 -9
57 -8.5
57 -8
57 -7.5
57 -7
57 -6.5
57 -6
57 -5.5
57 -5
57 -4.5
57 -4
57 -3.5
57 -3
57 -2.5
57 -2
57 -1.5
57 -1
57 -0.5
57 0
57 0.5
57 1
57 1.5
57 2
57 2.5
57 11.5
57 12
57 12.5
57 13
57 13.5
57 14
57 14.5
57.5 -50
57.5 -49.5
57.5 -49
57.5 -48.5
57.5 -48
57.5 -47.5
57.5 -47
57.5 -46.5
57.5 -46
57.5 -45.5
57.5 -45
57.5 -44.5
57.5 -44
57.5 -43.5
57.5 -43
57.5 -42.5
57.5 -42
57.5 -41.5
57.5 -41
57.5 -40.5
57.5 -40
57.5 -39.5
57.5 -39
57.5 -38.5
57.5 -38
57.5 -37.5
57.5 -37
57.5 -36.5
57.5 -36
57.5 -35.5
57.5 -35
57.5 -34.5
57.5 -34
57.5 -33.5
57.5 -33
57.5 -32.5
57.5 -32
57.5 -31.5
57.5 -31
57.5 -18.5
57.5 -18
57.5 -17.5
57.5 -17
57.5 -16.5
57.5 -16
57.5 -15.5
57.5 -15
57.5 -14.5
57.5 -14
57.5 -13.5
57.5 -13
57.5 -12.5
57.5 -12
57.5 -11.5
57.5 -11
57.5 -10.5
57.5 -10
57.5 -9.5
57.5 -9
57.5 -8.5
57.5 -8
57.5 -7.5
57.5 -7
57.5 -6.5
57.5 -6
57.5 -5.5
57.5 -5
57.5 -4.5
57.5 -4
57.5 -3.5
57.5 -3
57.5 -2.5
57.5 -2
57.5 -1.5
57.5 -1
57.5 -0.5
57.5 0
57.5 0.5
57.5 1
57.5 1.5
57.5 2
57.5 2.5
57.5 3
57.5 11.5
57.5 12
57.5 12.5
57.5 13
57.5 13.5
57.5 14
57.5 14.5
58 -50
58 -49.5
58 -49
58 -48.5
58 -48
58 -47.5
58 -47
58 -46.5
58 -46
58 -45.5
58 -45
58 -44.5
58 -44
58 -43.5
58 -43
58 -42.5
58 -42
58 -41.5
58 -41
58 -40.5
58 -40
58 -39.5
58 -39
58 -38.5
58 -38
58 -37.5
58 -37
58 -36.5
58 -36
58 -35.5
58 -35
58 -34.5
58 -34
58 -33.5
58 -33
58 -32.5
58 -32
58 -31.5
58 -31
58 -18.5
58 -18
58 -17.5
58 -17
58 -16.5
58 -16
58 -15.5
58 -15
58 -14.5
58 -14
58 -13.5
58 -13
58 -12.5
58 -12
58 -11.5
58 -11
58 -10.5
58 -10
58 -9.5
58 -9
58 -8.5
58 -8
58 -7.5
58 -7
58 -6.5
58 -6
58 -5.5
58 -5
58 -4.5
58 -4
58 -3.5
58 -3
58 -2.5
58 -2
58 -1.5
58 -1
58 -0.5
58 0
58 0.5
58 1
58 1.5
58 2
58 2.5
58 3
58 11.5
58 12
58 12.5
58 13
58 13.5
58 14
58 14.5
58.5 -50
58.5 -49.5
58.5 -49
58.5 -48.5
58.5 -48
58.5 -47.5
58.5 -47
58.5 -46.5
58.5 -46
58.5 -45.5
58.5 -45
58.5 -44.5
58.5 -44
58.5 -43.5
58.5 -43
58.5 -42.5
58.5 -42
58.5 -41.5
58.5 -41
58.5 -40.5
58.5 -40
58.5 -39.5
58.5 -39
58.5 -38.5
58.5 -38
58.5 -37.5
58.5 -37
58.5 -36.5
58.5 -36
58.5 -35.5
58.5 -35
58.5 -34.5
58.5 -34
58.5 -33.5
58.5 -33
58.5 -32.5
58.5 -32
58.5 -31.5
58.5 -31
58.5 -18.5
58.5 -18
58.5 -17.5
58.5 -17
58.5 -16.5
58.5 -16
58.5 -15.5
58.5 -15
58.5 -14.5
58.5 -14
58.5 -13.5
58.5 -13
58.5 -12.5
58.5 -12
58.5 -11.5
58.5 -11
58.5 -10.5
58.5 -10
58.5 -9.5
58.5 -9
58.5 -8.5
58.5 -8
58.5 -7.5
58.5 -7
58.5 -6.5
58.5 -6
58.5 -5.5
58.5 -5
58.5 -4.5
58.5 -4
58.5 -3.5
58.5 -3
58.5 -2.5
58.5 -2
58.5 -1.5
58.5 -1
58.5 -0.5
58.5 0
58.5 0.5
58.5 1
58.5 1.5
58.5 2
58.5 2.5
58.5 3
58.5 11.5
58.5 12
58.5 12.5
58.5 13
58.5 13.5
58.5 14
58.5 14.5
59 -50
59 -49.5
59 -49
59 -48.5
59 -48
59 -47.5
59 -47
59 -46.5
59 -46
59 -45.5
59 -45
59 -44.5
59 -44
59 -43.5
59 -43
59 -42.5
59 -42
59 -41.5
59 -41
59 -40.5
59 -40
59 -39.5
59 -39
59 -38.5
59 -38
59 -37.5
59 -37
59 -36.5
59 -36
59 -35.5
59 -35
59 -34.5
59 -34
59 -33.5
59 -33
59 -32.5
59 -32
59 -31.5
59 -31
59 -18.5
59 -18
59 -17.5
59 -17
59 -16.5
59 -16
59 -15.5
59 -15
59 -14.5
59 -14
59 -13.5
59 -13
59 -12.5
59 -12
59 -11.5
59 -11
59 -10.5
59 -10
59 -9.5
59 -9
59 -8.5
59 -8
59 -7.5
59 -7
59 -6.5
59 -6
59 -5.5
59 -5
59 -4.5
59 -4
59 -3.5
59 -3
59 -2.5
59 -2
59 -1.5
59 -1
59 -0.5
59 0
59 0.5
59 1
59 1.5
59 2
59 2.5
59 3
59 11.5
59 12
59 12.5
59 13
59 13.5
59 14
59 14.5
59.5 -50
59.5 -49.5
59.5 -49
59.5 -48.5
59.5 -48
59.5 -47.5
59.5 -47
59.5 -46.5
59.5 -46
59.5 -45.5
59.5 -45
59.5 -44.5
59.5 -44
59.5 -43.5
59.5 -43
59.5 -42.5
59.5 -42
59.5 -41.5
59.5 -41
59.5 -40.5
59.5 -40
59.5 -39.5
59.5 -39
59.5 -38.5
59.5 -38
59.5 -37.5
59.5 -37
59.5 -36.5
59.5 -36
59.5 -35.5
59.5 -35
59.5 -34.5
59.5 -34
59.5 -33.5
59.5 -33
59.5 -32.5
59.5 -32
59.5 -31.5
59.5 -31
59.5 -30.5
59.5 -30
59.5 -29.5
59.5 -29
59.5 -28.5
59.5 -28
59.5 -27.5
59.5 -27
59.5 -26.5
59.5 -26
59.5 -25.5
59.5 -25
59.5 -24.5
59.5 -24
59.5 -23.5
59.5 -23
59.5 -22.5
59.5 -22
59.5 -21.5
59.5 -21
59.5 -20.5
59.5 -20
59.5 -19.5
59.5 -19
59.5 -18.5
59.5 -18
59.5 -17.5
59.5 -17
59.5 -16.5
59.5 -16
59.5 -15.5
59.5 -15
59.5 -14.5
59.5 -14
59.5 -13.5
59.5 -13
59.5 -12.5
59.5 -12
59.5 -11.5
59.5 -11
59.5 -10.5
59.5 -10
59.5 -9.5
59.5 -9
59.5 -8.5
59.5 -8
59.5 -7.5
59.5 -7
59.5 -6.5
59.5 -6
59.5 -5.5
59.5 -5
59.5 -4.5
59.5 -4
59.5 -3.5
59.5 -3
59.5 -2.5
59.5 -2
59.5 -1.5
59.5 -1
59.5 -0.5
59.5 0
59.5 0.5
59.5 1
59.5 1.5
59.5 2
59.5 2.5
59.5 3
59.5 9.5
59.5 10
59.5 10.5
59.5 11
59.5 11.5
59.5 12
59.5 12.5
59.5 13
59.5 13.5
59.5 14
59.5 14.5
