441 17.5
450.5 19
441 19.5
450.5 20
450.5 20.5
441 21
441 21.5
450.5 21.5
441 22
450.5 22
441 22.5
441 23
450.5 23
440.5 24
441 24
450.5 24
440.5 24.5
451 24.5
440 25
451 25
439.5 25.5
440 25.5
451.5 25.5
439 26
439.5 26
452 26
438.5 26.5
439 26.5
439.5 26.5
452.5 26.5
489 26.5
492 26.5
506.5 26.5
438 27
453 27
506.5 27
425 27.5
429 27.5
431 27.5
434.5 27.5
435 27.5
436 27.5
436.5 27.5
437 27.5
437.5 27.5
438 27.5
453.5 27.5
454.5 27.5
455.5 27.5
456.5 27.5
457.5 27.5
458 27.5
458.5 27.5
459.5 27.5
460 27.5
461.5 27.5
462.5 27.5
464 27.5
465.5 27.5
466.5 27.5
467.5 27.5
468 27.5
468.5 27.5
469.5 27.5
471 27.5
471.5 27.5
472 27.5
472.5 27.5
473.5 27.5
474.5 27.5
475.5 27.5
476 27.5
477.5 27.5
478 27.5
479 27.5
479.5 27.5
480 27.5
481.5 27.5
484 27.5
485 27.5
506.5 27.5
426.5 28
429.5 28
430 28
431.5 28
432 28
432.5 28
433 28
433.5 28
434.5 28
436.5 28
454.5 28
455 28
456 28
456.5 28
457 28
457.5 28
458.5 28
459.5 28
460 28
460.5 28
461.5 28
462 28
462.5 28
463 28
463.5 28
464 28
465.5 28
466 28
466.5 28
468 28
469 28
469.5 28
470 28
470.5 28
471 28
473.5 28
474 28
475 28
475.5 28
476 28
476.5 28
477.5 28
478 28
481.5 28
482.5 28
483.5 28
484.5 28
450 38.5
450.5 38.5
451 38.5
451.5 38.5
452 38.5
452.5 38.5
453 38.5
453.5 38.5
454 38.5
455 38.5
455.5 38.5
456 38.5
456.5 38.5
457 38.5
458 38.5
459 38.5
459.5 38.5
460 38.5
461 38.5
461.5 38.5
462 38.5
463 38.5
464 38.5
464.5 38.5
465.5 38.5
466 38.5
467 38.5
468 38.5
468.5 38.5
469 38.5
469.5 38.5
470 38.5
470.5 38.5
471 38.5
471.5 38.5
472 38.5
472.5 38.5
473 38.5
473.5 38.5
474 38.5
474.5 38.5
475 38.5
475.5 38.5
476 38.5
476.5 38.5
477 38.5
477.5 38.5
478 38.5
478.5 38.5
479 38.5
479.5 38.5
480 38.5
480.5 38.5
481 38.5
482 38.5
482.5 38.5
483.5 38.5
484.5 38.5
485.5 38.5
486 38.5
487.5 38.5
488.5 38.5
498 38.5
425 39
427.5 39
428.5 39
429 39
429.5 39
430.5 39
431 39
431.5 39
432 39
432.5 39
433 39
433.5 39
434 39
435.5 39
436 39
436.5 39
437 39
438 39
438.5 39
439.5 39
440 39
440.5 39
441 39
441.5 39
442 39
442.5 39
443 39
443.5 39
444.5 39
445 39
445.5 39
446.5 39
447 39
447.5 39
448 39
448.5 39
449.5 39
450 39
450.5 39
451 39
451.5 39
452 39
452.5 39
453 39
453.5 39
454 39
454.5 39
455 39
455.5 39
456 39
456.5 39
457.5 39
458 39
459 39
459.5 39
460.5 39
461 39
461.5 39
462 39
462.5 39
463 39
463.5 39
464 39
465 39
465.5 39
466 39
466.5 39
467 39
467.5 39
468 39
469 39
469.5 39
470 39
470.5 39
471 39
471.5 39
472 39
472.5 39
473 39
473.5 39
474.5 39
475 39
475.5 39
476 39
476.5 39
477 39
477.5 39
478 39
478.5 39
479.5 39
480 39
481.5 39
482 39
483 39
484 39
485.5 39
486 39
488 39
489 39
491 39
493 39
426 39.5
427 39.5
429.5 39.5
430 39.5
431.5 39.5
432.5 39.5
433.5 39.5
434.5 39.5
435.5 39.5
436 39.5
436.5 39.5
437 39.5
438 39.5
438.5 39.5
439 39.5
439.5 39.5
440 39.5
440.5 39.5
441 39.5
441.5 39.5
442 39.5
443 39.5
443.5 39.5
444 39.5
444.5 39.5
445 39.5
445.5 39.5
446 39.5
446.5 39.5
447 39.5
447.5 39.5
448 39.5
448.5 39.5
449 39.5
