432.427 32.1875
434.427 32.1875
436.427 32.1875
438.427 32.1875
440.427 32.1875
442.427 32.1875
444.427 32.1875
446.427 32.1875
448.427 32.1875
450.426 32.1175
452.425 32.0475
454.423 31.9775
456.422 31.9076
458.421 31.8376
460.42 31.7676
464.42 31.7676
468.42 31.7676
472.42 31.7676
474.42 31.7676
476.42 31.7676
478.42 31.7676
480.418 31.8376
482.417 31.9076
484.416 31.9775
486.415 32.0475
488.414 32.1175
490.412 32.1875
492.412 32.1875
494.412 32.1875
496.412 32.1875
498.412 32.1875
500.412 32.1875
502.412 32.1875
504.412 32.1875
506.412 32.1875
508.412 32.1875
510.412 32.1875
512.412 32.1875
514.412 32.1875
516.412 32.1875
518.412 32.1875
520.412 32.1875
522.412 32.1875
524.412 32.1875
526.412 32.1875
528.412 32.1875
530.412 32.1875
532.412 32.1875
534.412 32.1875
536.412 32.1875
538.412 32.1875
540.412 32.1875
542.412 32.1875
544.412 32.1875
546.412 32.1875
548.412 32.1875
550.412 32.1875
552.412 32.1875
554.412 32.1875
556.412 32.1875
558.412 32.1875
560.412 32.1875
562.412 32.1875
564.412 32.1875
566.412 32.1875
568.412 32.1875
570.412 32.1875
572.412 32.1875
574.412 32.1875
576.412 32.1875
578.412 32.1875
580.412 32.1875
582.412 32.1875
584.412 32.1875
586.412 32.1875
588.412 32.1875
590.412 32.1875
592.412 32.1875
594.412 32.1875
596.412 32.1875
598.412 32.1875
600.412 32.1875
602.412 32.1875
604.412 32.1875
606.412 32.1875
608.412 32.1875
610.412 32.1875
